[0 ,  18.0 ,  27.0 ,  45.0],[0 ,  18.0 ,  27.0 ,  45.0],[0 ,  18.0 ,  27.0 ,  45.0],[0 ,  18.0 ,  27.0 ,  45.0],[0 ,  18.0 ,  27.0 ,  45.0],[0 ,  18.0 ,  27.0 ,  45.0],[0 ,  18.0 ,  27.0 ,  45.0],[0 ,  18.0 ,  27.0 ,  45.0],[0 ,  18.0 ,  27.0 ,  45.0],[0 ,  18.0 ,  27.0 ,  45.0],[0 ,  18.0 ,  27.0 ,  45.0],[0 ,  18.0 ,  27.0 ,  45.0],[0 ,  18.0 ,  27.0 ,  45.0],[0 ,  18.0 ,  27.0 ,  45.0],[0 ,  18.0 ,  27.0 ,  45.0]
[0 ,  18.0 ,  27.0 ,  45.0],[0 ,  10.0 ,  15.0 ,  25.0],[0 ,  10.0 ,  15.0 ,  25.0],[0 ,  10.0 ,  15.0 ,  25.0],[0 ,  10.0 ,  15.0 ,  25.0],[0 ,  10.0 ,  15.0 ,  25.0],[0 ,  10.0 ,  15.0 ,  25.0],[0 ,  10.0 ,  15.0 ,  25.0],[0 ,  10.0 ,  15.0 ,  25.0],[0 ,  10.0 ,  15.0 ,  25.0],[0 ,  10.0 ,  15.0 ,  25.0],[0 ,  10.0 ,  15.0 ,  25.0],[0 ,  10.0 ,  15.0 ,  25.0],[0 ,  10.0 ,  15.0 ,  25.0],[0 ,  18.0 ,  27.0 ,  45.0]
[0 ,  18.0 ,  27.0 ,  45.0],[0 ,  10.0 ,  15.0 ,  25.0],[0 ,  2.0 ,  3.0 ,  5.0],[0 ,  2.0 ,  3.0 ,  5.0],[0 ,  2.0 ,  3.0 ,  5.0],[0 ,  2.0 ,  3.0 ,  5.0],[0 ,  2.0 ,  3.0 ,  5.0],[0 ,  2.0 ,  3.0 ,  5.0],[0 ,  2.0 ,  3.0 ,  5.0],[0 ,  2.0 ,  3.0 ,  5.0],[0 ,  2.0 ,  3.0 ,  5.0],[0 ,  2.0 ,  3.0 ,  5.0],[0 ,  2.0 ,  3.0 ,  5.0],[0 ,  10.0 ,  15.0 ,  25.0],[0 ,  18.0 ,  27.0 ,  45.0]
[0 ,  18.0 ,  27.0 ,  45.0],[0 ,  10.0 ,  15.0 ,  25.0],[0 ,  2.0 ,  3.0 ,  5.0],[0 ,  2.0 ,  3.0 ,  5.0],[0 ,  2.0 ,  3.0 ,  5.0],[0 ,  2.0 ,  3.0 ,  5.0],[0 ,  2.0 ,  3.0 ,  5.0],[0 ,  2.0 ,  3.0 ,  5.0],[0 ,  2.0 ,  3.0 ,  5.0],[0 ,  2.0 ,  3.0 ,  5.0],[0 ,  2.0 ,  3.0 ,  5.0],[0 ,  2.0 ,  3.0 ,  5.0],[0 ,  2.0 ,  3.0 ,  5.0],[0 ,  10.0 ,  15.0 ,  25.0],[0 ,  18.0 ,  27.0 ,  45.0]
[0 ,  18.0 ,  27.0 ,  45.0],[0 ,  10.0 ,  15.0 ,  25.0],[0 ,  2.0 ,  3.0 ,  5.0],[0 ,  2.0 ,  3.0 ,  5.0],[0 ,  2.0 ,  3.0 ,  5.0],[0 ,  2.0 ,  3.0 ,  5.0],[0 ,  2.0 ,  3.0 ,  5.0],[0 ,  2.0 ,  3.0 ,  5.0],[0 ,  2.0 ,  3.0 ,  5.0],[0 ,  2.0 ,  3.0 ,  5.0],[0 ,  2.0 ,  3.0 ,  5.0],[0 ,  2.0 ,  3.0 ,  5.0],[0 ,  2.0 ,  3.0 ,  5.0],[0 ,  10.0 ,  15.0 ,  25.0],[0 ,  18.0 ,  27.0 ,  45.0]
[0 ,  18.0 ,  27.0 ,  45.0],[0 ,  10.0 ,  15.0 ,  25.0],[0 ,  2.0 ,  3.0 ,  5.0],[0 ,  2.0 ,  3.0 ,  5.0],[0 ,  2.0 ,  3.0 ,  5.0],[0 ,  2.0 ,  3.0 ,  5.0],[0 ,  2.0 ,  3.0 ,  5.0],[0 ,  2.0 ,  3.0 ,  5.0],[0 ,  2.0 ,  3.0 ,  5.0],[0 ,  2.0 ,  3.0 ,  5.0],[0 ,  2.0 ,  3.0 ,  5.0],[0 ,  2.0 ,  3.0 ,  5.0],[0 ,  2.0 ,  3.0 ,  5.0],[0 ,  10.0 ,  15.0 ,  25.0],[0 ,  18.0 ,  27.0 ,  45.0]
[0 ,  18.0 ,  27.0 ,  45.0],[0 ,  10.0 ,  15.0 ,  25.0],[0 ,  2.0 ,  3.0 ,  5.0],[0 ,  2.0 ,  3.0 ,  5.0],[0 ,  2.0 ,  3.0 ,  5.0],[0 ,  2.0 ,  3.0 ,  5.0],[0 ,  2.0 ,  3.0 ,  5.0],[0 ,  2.0 ,  3.0 ,  5.0],[0 ,  2.0 ,  3.0 ,  5.0],[0 ,  2.0 ,  3.0 ,  5.0],[0 ,  2.0 ,  3.0 ,  5.0],[0 ,  2.0 ,  3.0 ,  5.0],[0 ,  2.0 ,  3.0 ,  5.0],[0 ,  10.0 ,  15.0 ,  25.0],[0 ,  18.0 ,  27.0 ,  45.0]
[0 ,  18.0 ,  27.0 ,  45.0],[0 ,  10.0 ,  15.0 ,  25.0],[0 ,  2.0 ,  3.0 ,  5.0],[0 ,  2.0 ,  3.0 ,  5.0],[0 ,  2.0 ,  3.0 ,  5.0],[0 ,  2.0 ,  3.0 ,  5.0],[0 ,  2.0 ,  3.0 ,  5.0],[0 ,  2.0 ,  3.0 ,  5.0],[0 ,  2.0 ,  3.0 ,  5.0],[0 ,  2.0 ,  3.0 ,  5.0],[0 ,  2.0 ,  3.0 ,  5.0],[0 ,  2.0 ,  3.0 ,  5.0],[0 ,  2.0 ,  3.0 ,  5.0],[0 ,  10.0 ,  15.0 ,  25.0],[0 ,  18.0 ,  27.0 ,  45.0]
[0 ,  18.0 ,  27.0 ,  45.0],[0 ,  10.0 ,  15.0 ,  25.0],[0 ,  2.0 ,  3.0 ,  5.0],[0 ,  2.0 ,  3.0 ,  5.0],[0 ,  2.0 ,  3.0 ,  5.0],[0 ,  2.0 ,  3.0 ,  5.0],[0 ,  2.0 ,  3.0 ,  5.0],[0 ,  2.0 ,  3.0 ,  5.0],[0 ,  2.0 ,  3.0 ,  5.0],[0 ,  2.0 ,  3.0 ,  5.0],[0 ,  2.0 ,  3.0 ,  5.0],[0 ,  2.0 ,  3.0 ,  5.0],[0 ,  2.0 ,  3.0 ,  5.0],[0 ,  10.0 ,  15.0 ,  25.0],[0 ,  18.0 ,  27.0 ,  45.0]
[0 ,  18.0 ,  27.0 ,  45.0],[0 ,  10.0 ,  15.0 ,  25.0],[0 ,  10.0 ,  15.0 ,  25.0],[0 ,  10.0 ,  15.0 ,  25.0],[0 ,  10.0 ,  15.0 ,  25.0],[0 ,  10.0 ,  15.0 ,  25.0],[0 ,  10.0 ,  15.0 ,  25.0],[0 ,  10.0 ,  15.0 ,  25.0],[0 ,  10.0 ,  15.0 ,  25.0],[0 ,  10.0 ,  15.0 ,  25.0],[0 ,  10.0 ,  15.0 ,  25.0],[0 ,  10.0 ,  15.0 ,  25.0],[0 ,  10.0 ,  15.0 ,  25.0],[0 ,  10.0 ,  15.0 ,  25.0],[0 ,  18.0 ,  27.0 ,  45.0]
[0 ,  18.0 ,  27.0 ,  45.0],[0 ,  18.0 ,  27.0 ,  45.0],[0 ,  18.0 ,  27.0 ,  45.0],[0 ,  18.0 ,  27.0 ,  45.0],[0 ,  18.0 ,  27.0 ,  45.0],[0 ,  18.0 ,  27.0 ,  45.0],[0 ,  18.0 ,  27.0 ,  45.0],[0 ,  18.0 ,  27.0 ,  45.0],[0 ,  18.0 ,  27.0 ,  45.0],[0 ,  18.0 ,  27.0 ,  45.0],[0 ,  18.0 ,  27.0 ,  45.0],[0 ,  18.0 ,  27.0 ,  45.0],[0 ,  18.0 ,  27.0 ,  45.0],[0 ,  18.0 ,  27.0 ,  45.0],[0 ,  18.0 ,  27.0 ,  45.0]
