[0 ,  89 ,  9 ,  99],[0 ,  27 ,  19 ,  92],[0 ,  97 ,  77 ,  55],[0 ,  2 ,  20 ,  51],[0 ,  91 ,  20 ,  40],[0 ,  94 ,  91 ,  31],[0 ,  5 ,  74 ,  24],[0 ,  28 ,  26 ,  32],[0 ,  7 ,  52 ,  36],[0 ,  15 ,  97 ,  10],[0 ,  81 ,  48 ,  3],[0 ,  25 ,  54 ,  41],[0 ,  78 ,  99 ,  42],[0 ,  49 ,  25 ,  70],[0 ,  41 ,  16 ,  52],[0 ,  14 ,  100 ,  86],[0 ,  60 ,  61 ,  80],[0 ,  77 ,  58 ,  98],[0 ,  78 ,  75 ,  79],[0 ,  53 ,  17 ,  40],[0 ,  25 ,  52 ,  28],[0 ,  1 ,  74 ,  39],[0 ,  93 ,  48 ,  73],[0 ,  68 ,  59 ,  24],[0 ,  68 ,  14 ,  71]
[0 ,  95 ,  10 ,  49],[0 ,  16 ,  2 ,  53],[0 ,  11 ,  50 ,  21],[0 ,  60 ,  19 ,  77],[0 ,  68 ,  36 ,  31],[0 ,  53 ,  65 ,  93],[0 ,  39 ,  7 ,  97],[0 ,  41 ,  83 ,  79],[0 ,  20 ,  70 ,  51],[0 ,  68 ,  22 ,  16],[0 ,  89 ,  45 ,  69],[0 ,  11 ,  49 ,  78],[0 ,  76 ,  96 ,  2],[0 ,  40 ,  47 ,  79],[0 ,  66 ,  89 ,  98],[0 ,  70 ,  77 ,  75],[0 ,  23 ,  13 ,  68],[0 ,  64 ,  73 ,  41],[0 ,  74 ,  87 ,  2],[0 ,  97 ,  21 ,  12],[0 ,  48 ,  87 ,  9],[0 ,  34 ,  62 ,  34],[0 ,  65 ,  43 ,  33],[0 ,  87 ,  36 ,  7],[0 ,  60 ,  1 ,  40]
[0 ,  8 ,  15 ,  51],[0 ,  40 ,  9 ,  56],[0 ,  72 ,  88 ,  7],[0 ,  52 ,  38 ,  5],[0 ,  100 ,  88 ,  75],[0 ,  30 ,  31 ,  66],[0 ,  40 ,  3 ,  14],[0 ,  98 ,  93 ,  33],[0 ,  70 ,  78 ,  51],[0 ,  77 ,  76 ,  54],[0 ,  87 ,  17 ,  10],[0 ,  62 ,  28 ,  30],[0 ,  51 ,  90 ,  97],[0 ,  89 ,  100 ,  28],[0 ,  9 ,  91 ,  20],[0 ,  51 ,  65 ,  63],[0 ,  70 ,  82 ,  97],[0 ,  36 ,  53 ,  75],[0 ,  78 ,  84 ,  49],[0 ,  81 ,  22 ,  27],[0 ,  70 ,  70 ,  21],[0 ,  55 ,  17 ,  15],[0 ,  15 ,  39 ,  94],[0 ,  81 ,  21 ,  27],[0 ,  52 ,  33 ,  95]
[0 ,  32 ,  62 ,  70],[0 ,  66 ,  7 ,  33],[0 ,  83 ,  51 ,  59],[0 ,  9 ,  38 ,  67],[0 ,  26 ,  29 ,  73],[0 ,  64 ,  64 ,  96],[0 ,  68 ,  7 ,  14],[0 ,  22 ,  35 ,  96],[0 ,  19 ,  30 ,  25],[0 ,  47 ,  57 ,  93],[0 ,  43 ,  91 ,  80],[0 ,  22 ,  33 ,  55],[0 ,  40 ,  7 ,  97],[0 ,  65 ,  55 ,  52],[0 ,  60 ,  13 ,  22],[0 ,  29 ,  44 ,  73],[0 ,  69 ,  38 ,  40],[0 ,  40 ,  66 ,  34],[0 ,  33 ,  47 ,  69],[0 ,  30 ,  71 ,  17],[0 ,  9 ,  89 ,  56],[0 ,  49 ,  31 ,  62],[0 ,  32 ,  89 ,  35],[0 ,  78 ,  63 ,  79],[0 ,  38 ,  40 ,  57]
[0 ,  3 ,  2 ,  59],[0 ,  90 ,  97 ,  16],[0 ,  33 ,  66 ,  58],[0 ,  7 ,  12 ,  77],[0 ,  50 ,  30 ,  51],[0 ,  99 ,  60 ,  3],[0 ,  4 ,  61 ,  27],[0 ,  15 ,  33 ,  68],[0 ,  1 ,  8 ,  85],[0 ,  98 ,  6 ,  22],[0 ,  17 ,  62 ,  58],[0 ,  13 ,  84 ,  13],[0 ,  3 ,  92 ,  19],[0 ,  24 ,  4 ,  7],[0 ,  42 ,  80 ,  22],[0 ,  17 ,  89 ,  4],[0 ,  80 ,  90 ,  67],[0 ,  16 ,  36 ,  36],[0 ,  20 ,  56 ,  47],[0 ,  21 ,  21 ,  93],[0 ,  49 ,  36 ,  11],[0 ,  5 ,  54 ,  68],[0 ,  7 ,  2 ,  76],[0 ,  61 ,  76 ,  65],[0 ,  97 ,  15 ,  48]
[0 ,  93 ,  55 ,  21],[0 ,  87 ,  31 ,  71],[0 ,  64 ,  43 ,  3],[0 ,  15 ,  83 ,  45],[0 ,  85 ,  41 ,  69],[0 ,  41 ,  3 ,  73],[0 ,  10 ,  58 ,  6],[0 ,  50 ,  27 ,  44],[0 ,  50 ,  87 ,  11],[0 ,  99 ,  16 ,  67],[0 ,  41 ,  18 ,  90],[0 ,  25 ,  29 ,  18],[0 ,  98 ,  40 ,  90],[0 ,  51 ,  82 ,  57],[0 ,  49 ,  5 ,  46],[0 ,  83 ,  26 ,  81],[0 ,  14 ,  75 ,  24],[0 ,  38 ,  16 ,  52],[0 ,  73 ,  28 ,  29],[0 ,  80 ,  85 ,  35],[0 ,  8 ,  41 ,  81],[0 ,  1 ,  10 ,  11],[0 ,  87 ,  11 ,  29],[0 ,  98 ,  64 ,  3],[0 ,  36 ,  73 ,  33]
[0 ,  47 ,  61 ,  30],[0 ,  14 ,  92 ,  33],[0 ,  58 ,  13 ,  12],[0 ,  93 ,  48 ,  51],[0 ,  52 ,  88 ,  75],[0 ,  88 ,  21 ,  78],[0 ,  50 ,  53 ,  27],[0 ,  62 ,  53 ,  46],[0 ,  70 ,  27 ,  84],[0 ,  17 ,  34 ,  36],[0 ,  38 ,  24 ,  86],[0 ,  4 ,  36 ,  6],[0 ,  81 ,  13 ,  47],[0 ,  10 ,  89 ,  90],[0 ,  40 ,  6 ,  2],[0 ,  31 ,  89 ,  19],[0 ,  91 ,  70 ,  47],[0 ,  61 ,  50 ,  97],[0 ,  47 ,  100 ,  99],[0 ,  33 ,  85 ,  23],[0 ,  95 ,  73 ,  31],[0 ,  35 ,  50 ,  79],[0 ,  48 ,  35 ,  62],[0 ,  28 ,  45 ,  22],[0 ,  80 ,  21 ,  99]
[0 ,  23 ,  93 ,  87],[0 ,  17 ,  32 ,  46],[0 ,  56 ,  34 ,  75],[0 ,  5 ,  58 ,  59],[0 ,  28 ,  10 ,  64],[0 ,  31 ,  78 ,  65],[0 ,  100 ,  31 ,  68],[0 ,  55 ,  36 ,  82],[0 ,  78 ,  78 ,  42],[0 ,  40 ,  22 ,  43],[0 ,  19 ,  45 ,  33],[0 ,  79 ,  1 ,  35],[0 ,  83 ,  58 ,  71],[0 ,  81 ,  50 ,  92],[0 ,  86 ,  68 ,  96],[0 ,  63 ,  78 ,  30],[0 ,  21 ,  94 ,  16],[0 ,  69 ,  69 ,  40],[0 ,  35 ,  2 ,  98],[0 ,  87 ,  31 ,  5],[0 ,  47 ,  80 ,  61],[0 ,  46 ,  15 ,  35],[0 ,  12 ,  95 ,  7],[0 ,  61 ,  20 ,  25],[0 ,  96 ,  12 ,  31]
[0 ,  4 ,  81 ,  48],[0 ,  17 ,  15 ,  27],[0 ,  11 ,  64 ,  6],[0 ,  95 ,  70 ,  89],[0 ,  10 ,  83 ,  85],[0 ,  81 ,  76 ,  5],[0 ,  96 ,  21 ,  81],[0 ,  56 ,  26 ,  5],[0 ,  52 ,  55 ,  39],[0 ,  77 ,  72 ,  75],[0 ,  6 ,  80 ,  80],[0 ,  37 ,  42 ,  90],[0 ,  49 ,  36 ,  68],[0 ,  27 ,  5 ,  46],[0 ,  94 ,  39 ,  33],[0 ,  17 ,  61 ,  91],[0 ,  16 ,  4 ,  37],[0 ,  16 ,  32 ,  15],[0 ,  70 ,  99 ,  5],[0 ,  24 ,  86 ,  27],[0 ,  7 ,  43 ,  6],[0 ,  31 ,  81 ,  95],[0 ,  55 ,  50 ,  52],[0 ,  76 ,  62 ,  9],[0 ,  72 ,  95 ,  92]
[0 ,  34 ,  64 ,  97],[0 ,  52 ,  20 ,  30],[0 ,  75 ,  92 ,  48],[0 ,  52 ,  20 ,  24],[0 ,  50 ,  65 ,  80],[0 ,  10 ,  37 ,  36],[0 ,  68 ,  53 ,  15],[0 ,  26 ,  39 ,  73],[0 ,  9 ,  96 ,  53],[0 ,  21 ,  94 ,  87],[0 ,  56 ,  30 ,  31],[0 ,  10 ,  4 ,  89],[0 ,  70 ,  9 ,  38],[0 ,  64 ,  92 ,  89],[0 ,  76 ,  68 ,  7],[0 ,  59 ,  77 ,  100],[0 ,  34 ,  52 ,  13],[0 ,  62 ,  68 ,  68],[0 ,  54 ,  65 ,  23],[0 ,  74 ,  35 ,  19],[0 ,  78 ,  13 ,  96],[0 ,  25 ,  100 ,  13],[0 ,  38 ,  13 ,  78],[0 ,  80 ,  10 ,  39],[0 ,  42 ,  96 ,  95]
[0 ,  12 ,  4 ,  33],[0 ,  55 ,  79 ,  90],[0 ,  96 ,  5 ,  69],[0 ,  66 ,  91 ,  4],[0 ,  79 ,  37 ,  14],[0 ,  81 ,  65 ,  23],[0 ,  35 ,  37 ,  72],[0 ,  29 ,  56 ,  49],[0 ,  100 ,  75 ,  40],[0 ,  3 ,  61 ,  42],[0 ,  86 ,  66 ,  20],[0 ,  24 ,  87 ,  19],[0 ,  32 ,  96 ,  1],[0 ,  49 ,  63 ,  91],[0 ,  89 ,  41 ,  81],[0 ,  92 ,  61 ,  35],[0 ,  79 ,  14 ,  21],[0 ,  54 ,  17 ,  20],[0 ,  84 ,  3 ,  57],[0 ,  7 ,  7 ,  2],[0 ,  80 ,  79 ,  83],[0 ,  65 ,  45 ,  27],[0 ,  51 ,  40 ,  28],[0 ,  29 ,  52 ,  61],[0 ,  95 ,  33 ,  38]
[0 ,  74 ,  85 ,  25],[0 ,  43 ,  33 ,  10],[0 ,  50 ,  98 ,  35],[0 ,  81 ,  45 ,  71],[0 ,  70 ,  38 ,  58],[0 ,  96 ,  75 ,  86],[0 ,  96 ,  27 ,  53],[0 ,  17 ,  42 ,  65],[0 ,  51 ,  49 ,  35],[0 ,  4 ,  17 ,  30],[0 ,  9 ,  53 ,  41],[0 ,  56 ,  2 ,  66],[0 ,  86 ,  82 ,  53],[0 ,  79 ,  12 ,  20],[0 ,  29 ,  55 ,  100],[0 ,  76 ,  89 ,  34],[0 ,  48 ,  19 ,  51],[0 ,  55 ,  37 ,  4],[0 ,  93 ,  53 ,  74],[0 ,  73 ,  5 ,  41],[0 ,  8 ,  14 ,  58],[0 ,  2 ,  51 ,  100],[0 ,  30 ,  85 ,  72],[0 ,  41 ,  1 ,  58],[0 ,  36 ,  48 ,  74]
[0 ,  37 ,  5 ,  72],[0 ,  17 ,  45 ,  11],[0 ,  97 ,  3 ,  83],[0 ,  63 ,  86 ,  100],[0 ,  10 ,  19 ,  34],[0 ,  6 ,  90 ,  2],[0 ,  79 ,  6 ,  16],[0 ,  78 ,  38 ,  96],[0 ,  61 ,  60 ,  41],[0 ,  71 ,  70 ,  42],[0 ,  3 ,  2 ,  78],[0 ,  23 ,  22 ,  22],[0 ,  19 ,  5 ,  24],[0 ,  93 ,  14 ,  4],[0 ,  53 ,  91 ,  66],[0 ,  5 ,  38 ,  33],[0 ,  1 ,  100 ,  95],[0 ,  76 ,  62 ,  93],[0 ,  79 ,  58 ,  77],[0 ,  17 ,  31 ,  88],[0 ,  66 ,  69 ,  73],[0 ,  91 ,  17 ,  87],[0 ,  64 ,  83 ,  73],[0 ,  43 ,  48 ,  34],[0 ,  19 ,  42 ,  73]
[0 ,  61 ,  81 ,  94],[0 ,  3 ,  51 ,  7],[0 ,  42 ,  83 ,  48],[0 ,  78 ,  6 ,  16],[0 ,  97 ,  33 ,  58],[0 ,  92 ,  95 ,  80],[0 ,  17 ,  18 ,  47],[0 ,  97 ,  40 ,  18],[0 ,  81 ,  62 ,  69],[0 ,  37 ,  82 ,  13],[0 ,  36 ,  31 ,  37],[0 ,  7 ,  59 ,  10],[0 ,  90 ,  75 ,  25],[0 ,  74 ,  29 ,  75],[0 ,  24 ,  4 ,  81],[0 ,  65 ,  10 ,  14],[0 ,  51 ,  92 ,  15],[0 ,  51 ,  94 ,  100],[0 ,  25 ,  94 ,  10],[0 ,  87 ,  44 ,  79],[0 ,  60 ,  92 ,  27],[0 ,  85 ,  51 ,  97],[0 ,  16 ,  15 ,  15],[0 ,  62 ,  55 ,  52],[0 ,  24 ,  76 ,  87]
[0 ,  45 ,  5 ,  22],[0 ,  7 ,  34 ,  45],[0 ,  96 ,  24 ,  92],[0 ,  36 ,  65 ,  25],[0 ,  89 ,  21 ,  24],[0 ,  66 ,  97 ,  24],[0 ,  83 ,  67 ,  72],[0 ,  46 ,  4 ,  73],[0 ,  47 ,  51 ,  54],[0 ,  56 ,  77 ,  19],[0 ,  79 ,  48 ,  35],[0 ,  18 ,  84 ,  10],[0 ,  69 ,  86 ,  29],[0 ,  46 ,  54 ,  33],[0 ,  49 ,  9 ,  49],[0 ,  17 ,  28 ,  76],[0 ,  39 ,  23 ,  96],[0 ,  25 ,  70 ,  31],[0 ,  6 ,  58 ,  56],[0 ,  38 ,  22 ,  53],[0 ,  5 ,  47 ,  44],[0 ,  74 ,  84 ,  94],[0 ,  72 ,  44 ,  3],[0 ,  7 ,  69 ,  16],[0 ,  65 ,  60 ,  36]
[0 ,  20 ,  55 ,  86],[0 ,  66 ,  10 ,  71],[0 ,  31 ,  25 ,  26],[0 ,  31 ,  59 ,  80],[0 ,  37 ,  37 ,  11],[0 ,  76 ,  5 ,  86],[0 ,  38 ,  99 ,  30],[0 ,  82 ,  49 ,  20],[0 ,  52 ,  71 ,  84],[0 ,  49 ,  27 ,  92],[0 ,  85 ,  55 ,  12],[0 ,  76 ,  54 ,  72],[0 ,  90 ,  99 ,  30],[0 ,  41 ,  92 ,  37],[0 ,  15 ,  6 ,  78],[0 ,  75 ,  73 ,  62],[0 ,  26 ,  12 ,  50],[0 ,  11 ,  77 ,  46],[0 ,  97 ,  89 ,  41],[0 ,  96 ,  27 ,  85],[0 ,  35 ,  6 ,  26],[0 ,  55 ,  61 ,  31],[0 ,  87 ,  63 ,  70],[0 ,  53 ,  88 ,  53],[0 ,  48 ,  72 ,  89]
[0 ,  27 ,  37 ,  27],[0 ,  46 ,  42 ,  61],[0 ,  43 ,  58 ,  36],[0 ,  10 ,  69 ,  94],[0 ,  85 ,  59 ,  47],[0 ,  32 ,  60 ,  52],[0 ,  29 ,  44 ,  66],[0 ,  47 ,  49 ,  32],[0 ,  35 ,  53 ,  89],[0 ,  66 ,  75 ,  4],[0 ,  57 ,  94 ,  30],[0 ,  54 ,  29 ,  68],[0 ,  27 ,  93 ,  39],[0 ,  74 ,  97 ,  16],[0 ,  74 ,  89 ,  98],[0 ,  52 ,  64 ,  56],[0 ,  89 ,  91 ,  91],[0 ,  5 ,  59 ,  76],[0 ,  98 ,  62 ,  42],[0 ,  39 ,  83 ,  55],[0 ,  37 ,  16 ,  40],[0 ,  64 ,  83 ,  96],[0 ,  73 ,  82 ,  17],[0 ,  19 ,  85 ,  43],[0 ,  39 ,  32 ,  27]
[0 ,  32 ,  51 ,  91],[0 ,  31 ,  77 ,  60],[0 ,  14 ,  26 ,  33],[0 ,  21 ,  89 ,  34],[0 ,  3 ,  92 ,  33],[0 ,  15 ,  9 ,  10],[0 ,  28 ,  21 ,  70],[0 ,  57 ,  48 ,  52],[0 ,  49 ,  15 ,  40],[0 ,  34 ,  52 ,  64],[0 ,  7 ,  65 ,  37],[0 ,  1 ,  40 ,  92],[0 ,  9 ,  90 ,  65],[0 ,  54 ,  81 ,  82],[0 ,  92 ,  80 ,  54],[0 ,  15 ,  88 ,  65],[0 ,  60 ,  6 ,  59],[0 ,  65 ,  58 ,  88],[0 ,  80 ,  75 ,  53],[0 ,  46 ,  91 ,  46],[0 ,  68 ,  97 ,  43],[0 ,  47 ,  22 ,  34],[0 ,  5 ,  70 ,  54],[0 ,  51 ,  51 ,  78],[0 ,  31 ,  50 ,  77]
[0 ,  73 ,  84 ,  60],[0 ,  51 ,  70 ,  84],[0 ,  36 ,  28 ,  55],[0 ,  45 ,  100 ,  1],[0 ,  30 ,  42 ,  38],[0 ,  25 ,  56 ,  31],[0 ,  26 ,  67 ,  96],[0 ,  31 ,  38 ,  72],[0 ,  23 ,  91 ,  99],[0 ,  27 ,  35 ,  57],[0 ,  53 ,  73 ,  44],[0 ,  32 ,  85 ,  3],[0 ,  6 ,  45 ,  93],[0 ,  100 ,  3 ,  36],[0 ,  17 ,  94 ,  14],[0 ,  3 ,  65 ,  19],[0 ,  36 ,  87 ,  36],[0 ,  73 ,  17 ,  64],[0 ,  37 ,  55 ,  42],[0 ,  66 ,  90 ,  35],[0 ,  97 ,  92 ,  34],[0 ,  93 ,  66 ,  79],[0 ,  10 ,  77 ,  30],[0 ,  36 ,  93 ,  78],[0 ,  40 ,  36 ,  45]
[0 ,  66 ,  13 ,  53],[0 ,  86 ,  11 ,  41],[0 ,  44 ,  26 ,  9],[0 ,  32 ,  58 ,  43],[0 ,  91 ,  6 ,  26],[0 ,  41 ,  35 ,  30],[0 ,  95 ,  60 ,  47],[0 ,  64 ,  85 ,  76],[0 ,  65 ,  74 ,  54],[0 ,  57 ,  20 ,  19],[0 ,  97 ,  6 ,  75],[0 ,  91 ,  48 ,  31],[0 ,  90 ,  59 ,  17],[0 ,  46 ,  68 ,  100],[0 ,  51 ,  25 ,  73],[0 ,  42 ,  49 ,  100],[0 ,  91 ,  31 ,  59],[0 ,  52 ,  78 ,  54],[0 ,  45 ,  67 ,  74],[0 ,  2 ,  10 ,  68],[0 ,  98 ,  54 ,  73],[0 ,  75 ,  65 ,  53],[0 ,  34 ,  97 ,  38],[0 ,  78 ,  11 ,  59],[0 ,  3 ,  18 ,  21]
[0 ,  92 ,  14 ,  91],[0 ,  40 ,  52 ,  19],[0 ,  76 ,  38 ,  79],[0 ,  64 ,  28 ,  86],[0 ,  84 ,  100 ,  99],[0 ,  34 ,  28 ,  39],[0 ,  97 ,  32 ,  42],[0 ,  69 ,  7 ,  39],[0 ,  4 ,  58 ,  64],[0 ,  46 ,  46 ,  79],[0 ,  55 ,  16 ,  72],[0 ,  41 ,  34 ,  43],[0 ,  23 ,  13 ,  12],[0 ,  12 ,  59 ,  64],[0 ,  61 ,  61 ,  43],[0 ,  14 ,  12 ,  36],[0 ,  86 ,  34 ,  72],[0 ,  3 ,  53 ,  93],[0 ,  68 ,  72 ,  24],[0 ,  25 ,  27 ,  37],[0 ,  79 ,  80 ,  44],[0 ,  59 ,  42 ,  97],[0 ,  41 ,  40 ,  90],[0 ,  7 ,  52 ,  67],[0 ,  47 ,  78 ,  59]
[0 ,  95 ,  38 ,  54],[0 ,  88 ,  78 ,  24],[0 ,  14 ,  95 ,  36],[0 ,  82 ,  55 ,  49],[0 ,  52 ,  6 ,  37],[0 ,  32 ,  21 ,  2],[0 ,  40 ,  24 ,  54],[0 ,  81 ,  47 ,  65],[0 ,  3 ,  71 ,  77],[0 ,  57 ,  84 ,  16],[0 ,  72 ,  28 ,  3],[0 ,  79 ,  30 ,  16],[0 ,  97 ,  13 ,  72],[0 ,  23 ,  25 ,  96],[0 ,  52 ,  44 ,  73],[0 ,  72 ,  31 ,  18],[0 ,  61 ,  9 ,  55],[0 ,  78 ,  93 ,  67],[0 ,  42 ,  100 ,  96],[0 ,  21 ,  38 ,  29],[0 ,  20 ,  93 ,  72],[0 ,  2 ,  42 ,  31],[0 ,  4 ,  76 ,  17],[0 ,  57 ,  2 ,  41],[0 ,  65 ,  19 ,  24]
[0 ,  5 ,  98 ,  65],[0 ,  66 ,  6 ,  48],[0 ,  15 ,  99 ,  90],[0 ,  60 ,  20 ,  39],[0 ,  36 ,  82 ,  87],[0 ,  30 ,  65 ,  63],[0 ,  23 ,  75 ,  73],[0 ,  95 ,  6 ,  44],[0 ,  86 ,  57 ,  2],[0 ,  91 ,  44 ,  89],[0 ,  47 ,  64 ,  71],[0 ,  73 ,  24 ,  91],[0 ,  19 ,  68 ,  53],[0 ,  25 ,  40 ,  15],[0 ,  24 ,  1 ,  17],[0 ,  50 ,  10 ,  78],[0 ,  95 ,  96 ,  90],[0 ,  28 ,  50 ,  13],[0 ,  38 ,  80 ,  85],[0 ,  18 ,  19 ,  94],[0 ,  64 ,  13 ,  53],[0 ,  98 ,  33 ,  76],[0 ,  25 ,  79 ,  68],[0 ,  78 ,  9 ,  83],[0 ,  55 ,  44 ,  1]
[0 ,  92 ,  78 ,  12],[0 ,  85 ,  27 ,  71],[0 ,  95 ,  91 ,  47],[0 ,  94 ,  44 ,  46],[0 ,  22 ,  77 ,  17],[0 ,  71 ,  52 ,  57],[0 ,  41 ,  64 ,  80],[0 ,  17 ,  24 ,  97],[0 ,  28 ,  97 ,  59],[0 ,  26 ,  56 ,  35],[0 ,  36 ,  11 ,  75],[0 ,  62 ,  41 ,  27],[0 ,  79 ,  61 ,  40],[0 ,  19 ,  58 ,  64],[0 ,  46 ,  58 ,  29],[0 ,  78 ,  3 ,  56],[0 ,  46 ,  50 ,  83],[0 ,  6 ,  25 ,  89],[0 ,  90 ,  45 ,  25],[0 ,  65 ,  25 ,  89],[0 ,  20 ,  49 ,  30],[0 ,  100 ,  26 ,  25],[0 ,  67 ,  86 ,  67],[0 ,  75 ,  70 ,  55],[0 ,  99 ,  81 ,  63]
[0 ,  95 ,  85 ,  50],[0 ,  4 ,  51 ,  38],[0 ,  78 ,  6 ,  39],[0 ,  31 ,  96 ,  37],[0 ,  35 ,  38 ,  95],[0 ,  14 ,  87 ,  1],[0 ,  52 ,  1 ,  53],[0 ,  71 ,  79 ,  78],[0 ,  88 ,  88 ,  65],[0 ,  38 ,  52 ,  37],[0 ,  47 ,  39 ,  48],[0 ,  60 ,  53 ,  63],[0 ,  19 ,  98 ,  6],[0 ,  52 ,  63 ,  27],[0 ,  93 ,  32 ,  54],[0 ,  41 ,  3 ,  38],[0 ,  80 ,  7 ,  80],[0 ,  17 ,  19 ,  32],[0 ,  17 ,  72 ,  28],[0 ,  66 ,  44 ,  34],[0 ,  54 ,  98 ,  55],[0 ,  46 ,  49 ,  38],[0 ,  59 ,  60 ,  78],[0 ,  79 ,  10 ,  87],[0 ,  9 ,  47 ,  69]
[0 ,  68 ,  8 ,  71],[0 ,  6 ,  28 ,  6],[0 ,  74 ,  96 ,  19],[0 ,  10 ,  34 ,  26],[0 ,  62 ,  95 ,  80],[0 ,  83 ,  11 ,  9],[0 ,  92 ,  12 ,  77],[0 ,  56 ,  59 ,  37],[0 ,  7 ,  41 ,  72],[0 ,  59 ,  43 ,  34],[0 ,  68 ,  26 ,  68],[0 ,  67 ,  2 ,  51],[0 ,  58 ,  13 ,  70],[0 ,  47 ,  29 ,  59],[0 ,  17 ,  52 ,  61],[0 ,  20 ,  70 ,  19],[0 ,  35 ,  90 ,  57],[0 ,  22 ,  56 ,  25],[0 ,  48 ,  52 ,  69],[0 ,  5 ,  10 ,  65],[0 ,  86 ,  37 ,  30],[0 ,  12 ,  73 ,  58],[0 ,  50 ,  53 ,  83],[0 ,  9 ,  75 ,  77],[0 ,  20 ,  76 ,  83]
[0 ,  96 ,  51 ,  37],[0 ,  71 ,  54 ,  90],[0 ,  48 ,  88 ,  19],[0 ,  72 ,  4 ,  81],[0 ,  90 ,  87 ,  73],[0 ,  58 ,  98 ,  93],[0 ,  83 ,  32 ,  27],[0 ,  9 ,  52 ,  94],[0 ,  80 ,  80 ,  14],[0 ,  84 ,  65 ,  44],[0 ,  30 ,  75 ,  45],[0 ,  55 ,  20 ,  94],[0 ,  11 ,  1 ,  85],[0 ,  48 ,  45 ,  95],[0 ,  68 ,  79 ,  50],[0 ,  41 ,  11 ,  79],[0 ,  83 ,  24 ,  97],[0 ,  8 ,  58 ,  36],[0 ,  63 ,  18 ,  91],[0 ,  7 ,  11 ,  83],[0 ,  32 ,  31 ,  87],[0 ,  90 ,  36 ,  18],[0 ,  64 ,  69 ,  27],[0 ,  8 ,  42 ,  78],[0 ,  25 ,  21 ,  85]
[0 ,  75 ,  91 ,  5],[0 ,  71 ,  48 ,  37],[0 ,  24 ,  88 ,  21],[0 ,  59 ,  83 ,  60],[0 ,  36 ,  33 ,  84],[0 ,  21 ,  30 ,  68],[0 ,  56 ,  55 ,  46],[0 ,  66 ,  61 ,  63],[0 ,  52 ,  49 ,  45],[0 ,  48 ,  79 ,  50],[0 ,  60 ,  2 ,  56],[0 ,  73 ,  75 ,  81],[0 ,  81 ,  1 ,  5],[0 ,  57 ,  8 ,  43],[0 ,  8 ,  58 ,  23],[0 ,  63 ,  60 ,  89],[0 ,  34 ,  23 ,  33],[0 ,  81 ,  23 ,  39],[0 ,  15 ,  25 ,  13],[0 ,  1 ,  15 ,  10],[0 ,  92 ,  69 ,  92],[0 ,  27 ,  22 ,  97],[0 ,  79 ,  38 ,  17],[0 ,  64 ,  70 ,  84],[0 ,  31 ,  64 ,  22]
[0 ,  75 ,  51 ,  89],[0 ,  60 ,  28 ,  48],[0 ,  11 ,  12 ,  34],[0 ,  37 ,  39 ,  41],[0 ,  37 ,  67 ,  6],[0 ,  82 ,  49 ,  41],[0 ,  56 ,  24 ,  84],[0 ,  13 ,  75 ,  77],[0 ,  20 ,  27 ,  91],[0 ,  56 ,  35 ,  9],[0 ,  11 ,  80 ,  73],[0 ,  12 ,  57 ,  18],[0 ,  7 ,  69 ,  66],[0 ,  7 ,  41 ,  88],[0 ,  25 ,  24 ,  49],[0 ,  78 ,  33 ,  2],[0 ,  36 ,  27 ,  13],[0 ,  64 ,  33 ,  87],[0 ,  74 ,  96 ,  58],[0 ,  4 ,  93 ,  61],[0 ,  38 ,  68 ,  26],[0 ,  42 ,  13 ,  35],[0 ,  45 ,  17 ,  50],[0 ,  4 ,  19 ,  71],[0 ,  93 ,  77 ,  80]
[0 ,  75 ,  21 ,  64],[0 ,  91 ,  80 ,  19],[0 ,  97 ,  92 ,  19],[0 ,  79 ,  29 ,  28],[0 ,  98 ,  82 ,  67],[0 ,  21 ,  47 ,  83],[0 ,  37 ,  49 ,  44],[0 ,  31 ,  56 ,  41],[0 ,  21 ,  63 ,  56],[0 ,  34 ,  73 ,  63],[0 ,  31 ,  30 ,  53],[0 ,  83 ,  16 ,  65],[0 ,  90 ,  21 ,  41],[0 ,  20 ,  74 ,  68],[0 ,  42 ,  43 ,  30],[0 ,  41 ,  74 ,  2],[0 ,  19 ,  48 ,  71],[0 ,  18 ,  35 ,  15],[0 ,  25 ,  23 ,  15],[0 ,  54 ,  27 ,  69],[0 ,  75 ,  22 ,  64],[0 ,  21 ,  72 ,  47],[0 ,  7 ,  4 ,  66],[0 ,  61 ,  92 ,  36],[0 ,  83 ,  40 ,  68]
[0 ,  40 ,  41 ,  15],[0 ,  66 ,  74 ,  94],[0 ,  2 ,  86 ,  96],[0 ,  59 ,  12 ,  32],[0 ,  69 ,  86 ,  37],[0 ,  4 ,  39 ,  42],[0 ,  70 ,  40 ,  94],[0 ,  84 ,  82 ,  21],[0 ,  8 ,  81 ,  97],[0 ,  77 ,  32 ,  24],[0 ,  60 ,  59 ,  93],[0 ,  46 ,  23 ,  60],[0 ,  52 ,  50 ,  96],[0 ,  38 ,  34 ,  40],[0 ,  6 ,  89 ,  43],[0 ,  78 ,  59 ,  5],[0 ,  24 ,  83 ,  32],[0 ,  33 ,  62 ,  18],[0 ,  15 ,  5 ,  32],[0 ,  92 ,  8 ,  60],[0 ,  88 ,  55 ,  91],[0 ,  48 ,  19 ,  100],[0 ,  44 ,  1 ,  64],[0 ,  71 ,  53 ,  32],[0 ,  22 ,  70 ,  20]
[0 ,  25 ,  76 ,  74],[0 ,  82 ,  95 ,  11],[0 ,  86 ,  53 ,  30],[0 ,  48 ,  61 ,  88],[0 ,  17 ,  72 ,  59],[0 ,  80 ,  20 ,  47],[0 ,  74 ,  25 ,  88],[0 ,  99 ,  7 ,  19],[0 ,  94 ,  45 ,  49],[0 ,  28 ,  65 ,  60],[0 ,  100 ,  43 ,  32],[0 ,  27 ,  68 ,  38],[0 ,  87 ,  29 ,  77],[0 ,  19 ,  32 ,  75],[0 ,  19 ,  96 ,  93],[0 ,  2 ,  58 ,  39],[0 ,  55 ,  86 ,  73],[0 ,  19 ,  80 ,  94],[0 ,  18 ,  13 ,  23],[0 ,  11 ,  69 ,  49],[0 ,  48 ,  13 ,  55],[0 ,  54 ,  66 ,  6],[0 ,  61 ,  47 ,  10],[0 ,  17 ,  45 ,  34],[0 ,  46 ,  85 ,  70]
[0 ,  42 ,  5 ,  62],[0 ,  97 ,  51 ,  66],[0 ,  66 ,  58 ,  50],[0 ,  32 ,  48 ,  37],[0 ,  67 ,  36 ,  24],[0 ,  62 ,  93 ,  45],[0 ,  39 ,  2 ,  1],[0 ,  94 ,  91 ,  83],[0 ,  79 ,  41 ,  48],[0 ,  31 ,  48 ,  96],[0 ,  20 ,  16 ,  44],[0 ,  14 ,  44 ,  13],[0 ,  68 ,  16 ,  35],[0 ,  46 ,  49 ,  66],[0 ,  42 ,  97 ,  94],[0 ,  5 ,  93 ,  42],[0 ,  48 ,  77 ,  9],[0 ,  77 ,  26 ,  65],[0 ,  21 ,  36 ,  26],[0 ,  9 ,  26 ,  99],[0 ,  94 ,  82 ,  1],[0 ,  55 ,  85 ,  50],[0 ,  54 ,  14 ,  46],[0 ,  70 ,  4 ,  58],[0 ,  14 ,  59 ,  86]
[0 ,  80 ,  36 ,  91],[0 ,  47 ,  22 ,  67],[0 ,  48 ,  13 ,  15],[0 ,  72 ,  84 ,  10],[0 ,  97 ,  73 ,  70],[0 ,  98 ,  87 ,  56],[0 ,  25 ,  41 ,  87],[0 ,  40 ,  29 ,  46],[0 ,  69 ,  6 ,  63],[0 ,  37 ,  4 ,  32],[0 ,  32 ,  88 ,  34],[0 ,  80 ,  42 ,  63],[0 ,  30 ,  22 ,  61],[0 ,  7 ,  28 ,  22],[0 ,  12 ,  52 ,  28],[0 ,  97 ,  82 ,  87],[0 ,  53 ,  1 ,  79],[0 ,  47 ,  3 ,  4],[0 ,  1 ,  15 ,  80],[0 ,  64 ,  77 ,  73],[0 ,  46 ,  93 ,  26],[0 ,  41 ,  67 ,  53],[0 ,  44 ,  24 ,  92],[0 ,  73 ,  99 ,  43],[0 ,  50 ,  13 ,  83]
[0 ,  4 ,  85 ,  16],[0 ,  63 ,  85 ,  38],[0 ,  86 ,  73 ,  50],[0 ,  43 ,  88 ,  7],[0 ,  36 ,  39 ,  69],[0 ,  64 ,  93 ,  38],[0 ,  73 ,  54 ,  28],[0 ,  48 ,  18 ,  26],[0 ,  8 ,  46 ,  34],[0 ,  73 ,  5 ,  46],[0 ,  38 ,  10 ,  56],[0 ,  5 ,  30 ,  93],[0 ,  99 ,  70 ,  79],[0 ,  14 ,  27 ,  8],[0 ,  15 ,  86 ,  83],[0 ,  57 ,  40 ,  64],[0 ,  73 ,  59 ,  41],[0 ,  94 ,  92 ,  49],[0 ,  77 ,  25 ,  87],[0 ,  9 ,  97 ,  87],[0 ,  58 ,  79 ,  65],[0 ,  45 ,  30 ,  55],[0 ,  11 ,  75 ,  62],[0 ,  2 ,  22 ,  89],[0 ,  12 ,  39 ,  9]
[0 ,  51 ,  8 ,  11],[0 ,  63 ,  22 ,  66],[0 ,  26 ,  10 ,  93],[0 ,  15 ,  16 ,  28],[0 ,  57 ,  78 ,  20],[0 ,  55 ,  3 ,  83],[0 ,  54 ,  18 ,  5],[0 ,  32 ,  57 ,  24],[0 ,  51 ,  21 ,  15],[0 ,  97 ,  28 ,  58],[0 ,  5 ,  10 ,  76],[0 ,  30 ,  80 ,  77],[0 ,  62 ,  42 ,  56],[0 ,  39 ,  81 ,  26],[0 ,  58 ,  10 ,  47],[0 ,  71 ,  68 ,  51],[0 ,  65 ,  91 ,  84],[0 ,  64 ,  57 ,  60],[0 ,  55 ,  55 ,  88],[0 ,  14 ,  100 ,  16],[0 ,  100 ,  24 ,  34],[0 ,  27 ,  83 ,  95],[0 ,  93 ,  30 ,  29],[0 ,  36 ,  75 ,  30],[0 ,  12 ,  77 ,  71]
[0 ,  11 ,  61 ,  29],[0 ,  72 ,  88 ,  70],[0 ,  73 ,  38 ,  42],[0 ,  28 ,  9 ,  83],[0 ,  94 ,  44 ,  54],[0 ,  46 ,  22 ,  55],[0 ,  20 ,  97 ,  65],[0 ,  4 ,  93 ,  96],[0 ,  26 ,  84 ,  5],[0 ,  14 ,  34 ,  15],[0 ,  71 ,  87 ,  53],[0 ,  72 ,  97 ,  11],[0 ,  96 ,  94 ,  72],[0 ,  70 ,  56 ,  97],[0 ,  99 ,  93 ,  70],[0 ,  70 ,  6 ,  28],[0 ,  69 ,  97 ,  64],[0 ,  29 ,  67 ,  62],[0 ,  78 ,  72 ,  94],[0 ,  1 ,  8 ,  31],[0 ,  58 ,  83 ,  8],[0 ,  53 ,  21 ,  74],[0 ,  92 ,  63 ,  65],[0 ,  82 ,  44 ,  22],[0 ,  84 ,  32 ,  35]
[0 ,  98 ,  30 ,  81],[0 ,  43 ,  30 ,  37],[0 ,  72 ,  34 ,  14],[0 ,  21 ,  43 ,  42],[0 ,  7 ,  16 ,  84],[0 ,  46 ,  13 ,  70],[0 ,  47 ,  34 ,  2],[0 ,  5 ,  68 ,  6],[0 ,  84 ,  75 ,  55],[0 ,  44 ,  100 ,  95],[0 ,  55 ,  11 ,  61],[0 ,  89 ,  63 ,  10],[0 ,  2 ,  37 ,  37],[0 ,  52 ,  97 ,  17],[0 ,  55 ,  18 ,  29],[0 ,  48 ,  37 ,  32],[0 ,  99 ,  12 ,  15],[0 ,  91 ,  18 ,  87],[0 ,  14 ,  86 ,  20],[0 ,  11 ,  64 ,  68],[0 ,  65 ,  27 ,  16],[0 ,  92 ,  23 ,  85],[0 ,  25 ,  16 ,  87],[0 ,  25 ,  87 ,  100],[0 ,  16 ,  32 ,  19]
[0 ,  98 ,  98 ,  16],[0 ,  57 ,  34 ,  20],[0 ,  48 ,  39 ,  25],[0 ,  82 ,  91 ,  8],[0 ,  52 ,  80 ,  85],[0 ,  38 ,  18 ,  50],[0 ,  22 ,  93 ,  10],[0 ,  33 ,  64 ,  60],[0 ,  43 ,  61 ,  19],[0 ,  50 ,  12 ,  27],[0 ,  29 ,  92 ,  66],[0 ,  12 ,  26 ,  90],[0 ,  50 ,  100 ,  46],[0 ,  87 ,  36 ,  77],[0 ,  51 ,  53 ,  73],[0 ,  11 ,  64 ,  75],[0 ,  58 ,  31 ,  69],[0 ,  1 ,  43 ,  10],[0 ,  10 ,  16 ,  44],[0 ,  12 ,  90 ,  79],[0 ,  56 ,  32 ,  45],[0 ,  57 ,  65 ,  75],[0 ,  69 ,  67 ,  73],[0 ,  29 ,  9 ,  8],[0 ,  29 ,  23 ,  79]
[0 ,  2 ,  41 ,  17],[0 ,  61 ,  81 ,  77],[0 ,  28 ,  16 ,  83],[0 ,  55 ,  58 ,  62],[0 ,  91 ,  41 ,  75],[0 ,  21 ,  30 ,  40],[0 ,  78 ,  75 ,  78],[0 ,  92 ,  37 ,  75],[0 ,  52 ,  32 ,  29],[0 ,  84 ,  33 ,  46],[0 ,  21 ,  19 ,  59],[0 ,  52 ,  27 ,  14],[0 ,  87 ,  77 ,  96],[0 ,  3 ,  65 ,  22],[0 ,  17 ,  64 ,  99],[0 ,  33 ,  23 ,  88],[0 ,  25 ,  73 ,  91],[0 ,  90 ,  45 ,  100],[0 ,  15 ,  1 ,  62],[0 ,  60 ,  8 ,  35],[0 ,  90 ,  66 ,  57],[0 ,  25 ,  46 ,  86],[0 ,  3 ,  82 ,  59],[0 ,  34 ,  36 ,  51],[0 ,  92 ,  22 ,  78]
[0 ,  9 ,  50 ,  20],[0 ,  18 ,  2 ,  13],[0 ,  90 ,  15 ,  67],[0 ,  30 ,  7 ,  80],[0 ,  100 ,  66 ,  57],[0 ,  51 ,  36 ,  92],[0 ,  24 ,  56 ,  62],[0 ,  66 ,  23 ,  100],[0 ,  31 ,  31 ,  77],[0 ,  44 ,  62 ,  18],[0 ,  28 ,  62 ,  95],[0 ,  92 ,  90 ,  12],[0 ,  25 ,  45 ,  42],[0 ,  88 ,  8 ,  91],[0 ,  77 ,  87 ,  52],[0 ,  35 ,  61 ,  31],[0 ,  74 ,  19 ,  46],[0 ,  57 ,  31 ,  67],[0 ,  50 ,  95 ,  38],[0 ,  17 ,  49 ,  6],[0 ,  99 ,  60 ,  10],[0 ,  15 ,  79 ,  86],[0 ,  27 ,  82 ,  85],[0 ,  58 ,  43 ,  53],[0 ,  21 ,  59 ,  23]
[0 ,  3 ,  17 ,  28],[0 ,  36 ,  53 ,  70],[0 ,  3 ,  73 ,  7],[0 ,  67 ,  62 ,  69],[0 ,  59 ,  77 ,  90],[0 ,  79 ,  88 ,  62],[0 ,  24 ,  96 ,  94],[0 ,  66 ,  30 ,  35],[0 ,  92 ,  82 ,  7],[0 ,  52 ,  13 ,  88],[0 ,  39 ,  92 ,  32],[0 ,  52 ,  73 ,  4],[0 ,  21 ,  28 ,  26],[0 ,  63 ,  62 ,  4],[0 ,  85 ,  88 ,  36],[0 ,  32 ,  16 ,  20],[0 ,  12 ,  92 ,  61],[0 ,  84 ,  99 ,  98],[0 ,  100 ,  78 ,  56],[0 ,  25 ,  86 ,  43],[0 ,  57 ,  16 ,  13],[0 ,  71 ,  62 ,  48],[0 ,  52 ,  24 ,  54],[0 ,  30 ,  44 ,  84],[0 ,  13 ,  28 ,  78]
[0 ,  36 ,  97 ,  54],[0 ,  62 ,  77 ,  82],[0 ,  63 ,  42 ,  31],[0 ,  38 ,  53 ,  90],[0 ,  65 ,  33 ,  63],[0 ,  50 ,  92 ,  85],[0 ,  8 ,  26 ,  21],[0 ,  67 ,  59 ,  45],[0 ,  65 ,  62 ,  10],[0 ,  40 ,  76 ,  46],[0 ,  38 ,  71 ,  71],[0 ,  28 ,  21 ,  11],[0 ,  69 ,  50 ,  66],[0 ,  55 ,  67 ,  67],[0 ,  5 ,  43 ,  78],[0 ,  33 ,  26 ,  16],[0 ,  69 ,  35 ,  71],[0 ,  9 ,  46 ,  95],[0 ,  37 ,  20 ,  82],[0 ,  50 ,  53 ,  29],[0 ,  22 ,  38 ,  28],[0 ,  44 ,  4 ,  29],[0 ,  26 ,  44 ,  90],[0 ,  54 ,  88 ,  75],[0 ,  11 ,  34 ,  7]
[0 ,  63 ,  78 ,  8],[0 ,  54 ,  4 ,  47],[0 ,  55 ,  90 ,  16],[0 ,  79 ,  60 ,  24],[0 ,  97 ,  73 ,  29],[0 ,  32 ,  63 ,  13],[0 ,  78 ,  58 ,  65],[0 ,  9 ,  34 ,  68],[0 ,  38 ,  16 ,  34],[0 ,  44 ,  77 ,  29],[0 ,  8 ,  17 ,  35],[0 ,  79 ,  61 ,  35],[0 ,  39 ,  55 ,  34],[0 ,  94 ,  28 ,  13],[0 ,  62 ,  43 ,  62],[0 ,  38 ,  22 ,  2],[0 ,  96 ,  84 ,  48],[0 ,  58 ,  76 ,  20],[0 ,  64 ,  9 ,  52],[0 ,  67 ,  50 ,  62],[0 ,  76 ,  38 ,  35],[0 ,  76 ,  56 ,  1],[0 ,  92 ,  52 ,  70],[0 ,  84 ,  32 ,  42],[0 ,  17 ,  50 ,  23]
[0 ,  14 ,  75 ,  98],[0 ,  26 ,  79 ,  19],[0 ,  35 ,  49 ,  68],[0 ,  4 ,  85 ,  85],[0 ,  92 ,  83 ,  44],[0 ,  67 ,  73 ,  72],[0 ,  77 ,  51 ,  84],[0 ,  88 ,  43 ,  53],[0 ,  27 ,  27 ,  44],[0 ,  90 ,  77 ,  98],[0 ,  81 ,  94 ,  63],[0 ,  36 ,  25 ,  9],[0 ,  1 ,  42 ,  44],[0 ,  50 ,  37 ,  46],[0 ,  98 ,  39 ,  100],[0 ,  18 ,  82 ,  98],[0 ,  44 ,  7 ,  96],[0 ,  61 ,  26 ,  3],[0 ,  15 ,  79 ,  28],[0 ,  2 ,  58 ,  31],[0 ,  97 ,  93 ,  79],[0 ,  51 ,  13 ,  17],[0 ,  98 ,  79 ,  76],[0 ,  12 ,  79 ,  77],[0 ,  82 ,  44 ,  63]
[0 ,  100 ,  67 ,  35],[0 ,  61 ,  6 ,  78],[0 ,  20 ,  66 ,  3],[0 ,  63 ,  98 ,  15],[0 ,  6 ,  88 ,  84],[0 ,  51 ,  44 ,  44],[0 ,  17 ,  4 ,  80],[0 ,  50 ,  26 ,  12],[0 ,  85 ,  41 ,  73],[0 ,  99 ,  89 ,  70],[0 ,  59 ,  19 ,  50],[0 ,  15 ,  38 ,  99],[0 ,  21 ,  65 ,  66],[0 ,  13 ,  89 ,  1],[0 ,  75 ,  76 ,  85],[0 ,  3 ,  34 ,  100],[0 ,  34 ,  38 ,  24],[0 ,  67 ,  8 ,  94],[0 ,  65 ,  48 ,  87],[0 ,  68 ,  31 ,  27],[0 ,  43 ,  52 ,  100],[0 ,  11 ,  5 ,  46],[0 ,  6 ,  98 ,  12],[0 ,  89 ,  35 ,  72],[0 ,  66 ,  54 ,  66]
[0 ,  25 ,  53 ,  7],[0 ,  60 ,  76 ,  76],[0 ,  36 ,  48 ,  61],[0 ,  13 ,  65 ,  15],[0 ,  28 ,  95 ,  9],[0 ,  44 ,  90 ,  9],[0 ,  48 ,  60 ,  35],[0 ,  23 ,  41 ,  5],[0 ,  48 ,  62 ,  16],[0 ,  67 ,  59 ,  36],[0 ,  54 ,  14 ,  95],[0 ,  95 ,  54 ,  19],[0 ,  4 ,  99 ,  36],[0 ,  91 ,  98 ,  6],[0 ,  59 ,  100 ,  83],[0 ,  31 ,  65 ,  16],[0 ,  38 ,  2 ,  86],[0 ,  72 ,  49 ,  83],[0 ,  29 ,  53 ,  68],[0 ,  73 ,  51 ,  20],[0 ,  46 ,  29 ,  86],[0 ,  33 ,  66 ,  32],[0 ,  85 ,  51 ,  13],[0 ,  50 ,  76 ,  79],[0 ,  98 ,  46 ,  76]
[0 ,  43 ,  23 ,  49],[0 ,  2 ,  32 ,  2],[0 ,  26 ,  44 ,  85],[0 ,  46 ,  92 ,  2],[0 ,  14 ,  64 ,  78],[0 ,  26 ,  46 ,  9],[0 ,  5 ,  45 ,  39],[0 ,  19 ,  11 ,  92],[0 ,  70 ,  94 ,  94],[0 ,  67 ,  44 ,  55],[0 ,  62 ,  29 ,  47],[0 ,  35 ,  40 ,  27],[0 ,  68 ,  44 ,  68],[0 ,  49 ,  6 ,  43],[0 ,  87 ,  58 ,  77],[0 ,  22 ,  85 ,  46],[0 ,  10 ,  6 ,  64],[0 ,  50 ,  41 ,  55],[0 ,  28 ,  37 ,  43],[0 ,  24 ,  51 ,  94],[0 ,  11 ,  61 ,  62],[0 ,  72 ,  89 ,  60],[0 ,  51 ,  83 ,  62],[0 ,  54 ,  21 ,  43],[0 ,  98 ,  18 ,  82]
[0 ,  22 ,  72 ,  15],[0 ,  72 ,  65 ,  57],[0 ,  96 ,  24 ,  63],[0 ,  10 ,  62 ,  78],[0 ,  20 ,  1 ,  36],[0 ,  93 ,  16 ,  72],[0 ,  7 ,  2 ,  92],[0 ,  12 ,  20 ,  36],[0 ,  50 ,  54 ,  43],[0 ,  70 ,  22 ,  39],[0 ,  74 ,  28 ,  15],[0 ,  34 ,  28 ,  59],[0 ,  6 ,  17 ,  70],[0 ,  39 ,  8 ,  74],[0 ,  81 ,  12 ,  45],[0 ,  63 ,  9 ,  64],[0 ,  70 ,  60 ,  40],[0 ,  98 ,  33 ,  92],[0 ,  99 ,  51 ,  94],[0 ,  21 ,  96 ,  41],[0 ,  90 ,  49 ,  1],[0 ,  93 ,  41 ,  51],[0 ,  3 ,  98 ,  37],[0 ,  34 ,  94 ,  11],[0 ,  41 ,  17 ,  29]
[0 ,  12 ,  39 ,  85],[0 ,  17 ,  34 ,  83],[0 ,  67 ,  54 ,  88],[0 ,  52 ,  44 ,  95],[0 ,  10 ,  55 ,  40],[0 ,  13 ,  85 ,  33],[0 ,  70 ,  62 ,  96],[0 ,  43 ,  87 ,  54],[0 ,  82 ,  50 ,  49],[0 ,  55 ,  48 ,  40],[0 ,  21 ,  59 ,  28],[0 ,  35 ,  44 ,  87],[0 ,  28 ,  15 ,  40],[0 ,  79 ,  36 ,  80],[0 ,  58 ,  94 ,  99],[0 ,  54 ,  15 ,  39],[0 ,  92 ,  65 ,  87],[0 ,  20 ,  83 ,  12],[0 ,  17 ,  49 ,  91],[0 ,  68 ,  77 ,  45],[0 ,  51 ,  7 ,  47],[0 ,  15 ,  26 ,  18],[0 ,  14 ,  47 ,  14],[0 ,  98 ,  88 ,  100],[0 ,  45 ,  67 ,  49]
