[0 ,  89 ,  21 ,  83],[0 ,  93 ,  72 ,  29],[0 ,  48 ,  55 ,  83],[0 ,  94 ,  91 ,  57],[0 ,  7 ,  59 ,  40],[0 ,  85 ,  30 ,  31],[0 ,  59 ,  48 ,  1],[0 ,  85 ,  38 ,  17],[0 ,  76 ,  42 ,  4],[0 ,  4 ,  19 ,  83],[0 ,  97 ,  56 ,  98],[0 ,  24 ,  92 ,  3],[0 ,  45 ,  50 ,  59],[0 ,  76 ,  35 ,  72],[0 ,  47 ,  31 ,  77],[0 ,  28 ,  79 ,  42],[0 ,  4 ,  96 ,  65],[0 ,  15 ,  35 ,  19],[0 ,  91 ,  82 ,  11],[0 ,  27 ,  63 ,  9],[0 ,  41 ,  96 ,  25],[0 ,  15 ,  19 ,  37],[0 ,  20 ,  11 ,  45],[0 ,  24 ,  66 ,  62],[0 ,  85 ,  18 ,  81]
[0 ,  6 ,  76 ,  43],[0 ,  15 ,  15 ,  87],[0 ,  87 ,  1 ,  64],[0 ,  37 ,  98 ,  18],[0 ,  61 ,  64 ,  65],[0 ,  67 ,  43 ,  80],[0 ,  82 ,  65 ,  90],[0 ,  50 ,  86 ,  79],[0 ,  43 ,  89 ,  80],[0 ,  96 ,  65 ,  59],[0 ,  72 ,  34 ,  67],[0 ,  55 ,  91 ,  13],[0 ,  52 ,  47 ,  31],[0 ,  83 ,  59 ,  27],[0 ,  54 ,  83 ,  80],[0 ,  1 ,  99 ,  66],[0 ,  85 ,  20 ,  1],[0 ,  81 ,  41 ,  100],[0 ,  60 ,  74 ,  32],[0 ,  78 ,  51 ,  66],[0 ,  15 ,  8 ,  67],[0 ,  34 ,  21 ,  17],[0 ,  19 ,  48 ,  48],[0 ,  60 ,  27 ,  40],[0 ,  37 ,  47 ,  48]
[0 ,  35 ,  10 ,  36],[0 ,  1 ,  82 ,  48],[0 ,  97 ,  59 ,  47],[0 ,  13 ,  28 ,  64],[0 ,  100 ,  5 ,  43],[0 ,  91 ,  19 ,  45],[0 ,  99 ,  87 ,  29],[0 ,  91 ,  30 ,  48],[0 ,  15 ,  82 ,  87],[0 ,  27 ,  35 ,  94],[0 ,  52 ,  12 ,  51],[0 ,  73 ,  51 ,  98],[0 ,  7 ,  89 ,  8],[0 ,  11 ,  92 ,  13],[0 ,  68 ,  45 ,  43],[0 ,  57 ,  75 ,  89],[0 ,  25 ,  45 ,  34],[0 ,  84 ,  93 ,  12],[0 ,  53 ,  41 ,  90],[0 ,  13 ,  66 ,  19],[0 ,  72 ,  58 ,  14],[0 ,  95 ,  75 ,  23],[0 ,  15 ,  88 ,  79],[0 ,  76 ,  68 ,  65],[0 ,  50 ,  58 ,  98]
[0 ,  12 ,  66 ,  59],[0 ,  16 ,  13 ,  11],[0 ,  37 ,  64 ,  81],[0 ,  97 ,  36 ,  78],[0 ,  9 ,  83 ,  22],[0 ,  73 ,  37 ,  72],[0 ,  79 ,  21 ,  49],[0 ,  53 ,  65 ,  65],[0 ,  46 ,  98 ,  49],[0 ,  90 ,  3 ,  46],[0 ,  33 ,  92 ,  36],[0 ,  91 ,  9 ,  89],[0 ,  40 ,  92 ,  91],[0 ,  38 ,  92 ,  21],[0 ,  41 ,  42 ,  3],[0 ,  10 ,  42 ,  64],[0 ,  77 ,  63 ,  66],[0 ,  73 ,  58 ,  82],[0 ,  65 ,  46 ,  85],[0 ,  99 ,  20 ,  43],[0 ,  94 ,  100 ,  61],[0 ,  60 ,  39 ,  90],[0 ,  63 ,  26 ,  19],[0 ,  95 ,  26 ,  93],[0 ,  55 ,  42 ,  52]
[0 ,  97 ,  98 ,  39],[0 ,  64 ,  70 ,  82],[0 ,  23 ,  79 ,  99],[0 ,  100 ,  39 ,  56],[0 ,  30 ,  51 ,  70],[0 ,  98 ,  51 ,  75],[0 ,  25 ,  86 ,  90],[0 ,  43 ,  35 ,  14],[0 ,  25 ,  98 ,  72],[0 ,  15 ,  39 ,  86],[0 ,  9 ,  61 ,  28],[0 ,  97 ,  56 ,  5],[0 ,  81 ,  61 ,  50],[0 ,  64 ,  27 ,  36],[0 ,  98 ,  8 ,  69],[0 ,  5 ,  68 ,  73],[0 ,  3 ,  25 ,  48],[0 ,  9 ,  72 ,  92],[0 ,  17 ,  6 ,  37],[0 ,  95 ,  83 ,  20],[0 ,  23 ,  46 ,  50],[0 ,  15 ,  24 ,  81],[0 ,  13 ,  32 ,  34],[0 ,  60 ,  82 ,  46],[0 ,  46 ,  19 ,  88]
[0 ,  9 ,  74 ,  10],[0 ,  25 ,  50 ,  29],[0 ,  59 ,  70 ,  95],[0 ,  1 ,  88 ,  61],[0 ,  72 ,  13 ,  11],[0 ,  4 ,  68 ,  90],[0 ,  41 ,  85 ,  76],[0 ,  19 ,  18 ,  16],[0 ,  9 ,  7 ,  50],[0 ,  79 ,  66 ,  30],[0 ,  88 ,  55 ,  47],[0 ,  68 ,  53 ,  79],[0 ,  45 ,  86 ,  51],[0 ,  32 ,  44 ,  31],[0 ,  59 ,  62 ,  5],[0 ,  54 ,  6 ,  53],[0 ,  11 ,  79 ,  41],[0 ,  18 ,  82 ,  8],[0 ,  83 ,  25 ,  41],[0 ,  77 ,  70 ,  88],[0 ,  89 ,  10 ,  73],[0 ,  59 ,  39 ,  95],[0 ,  100 ,  78 ,  18],[0 ,  70 ,  2 ,  57],[0 ,  6 ,  38 ,  54]
[0 ,  43 ,  20 ,  24],[0 ,  25 ,  5 ,  82],[0 ,  21 ,  6 ,  84],[0 ,  51 ,  45 ,  59],[0 ,  26 ,  90 ,  25],[0 ,  86 ,  4 ,  17],[0 ,  9 ,  12 ,  48],[0 ,  33 ,  23 ,  54],[0 ,  51 ,  50 ,  64],[0 ,  64 ,  65 ,  61],[0 ,  57 ,  43 ,  67],[0 ,  11 ,  81 ,  13],[0 ,  84 ,  95 ,  82],[0 ,  61 ,  93 ,  5],[0 ,  81 ,  7 ,  6],[0 ,  76 ,  63 ,  98],[0 ,  52 ,  57 ,  54],[0 ,  84 ,  82 ,  14],[0 ,  80 ,  41 ,  29],[0 ,  28 ,  29 ,  90],[0 ,  20 ,  63 ,  23],[0 ,  30 ,  20 ,  39],[0 ,  79 ,  19 ,  15],[0 ,  31 ,  17 ,  32],[0 ,  52 ,  48 ,  16]
[0 ,  69 ,  80 ,  37],[0 ,  17 ,  59 ,  90],[0 ,  91 ,  50 ,  87],[0 ,  68 ,  76 ,  22],[0 ,  33 ,  15 ,  11],[0 ,  76 ,  72 ,  79],[0 ,  95 ,  47 ,  16],[0 ,  55 ,  95 ,  36],[0 ,  17 ,  63 ,  78],[0 ,  52 ,  73 ,  96],[0 ,  17 ,  51 ,  35],[0 ,  63 ,  75 ,  56],[0 ,  46 ,  60 ,  4],[0 ,  3 ,  29 ,  3],[0 ,  99 ,  74 ,  70],[0 ,  37 ,  43 ,  23],[0 ,  70 ,  60 ,  76],[0 ,  21 ,  32 ,  73],[0 ,  22 ,  60 ,  71],[0 ,  79 ,  86 ,  81],[0 ,  83 ,  64 ,  5],[0 ,  72 ,  63 ,  1],[0 ,  67 ,  90 ,  84],[0 ,  91 ,  45 ,  96],[0 ,  42 ,  94 ,  16]
[0 ,  70 ,  82 ,  93],[0 ,  90 ,  18 ,  33],[0 ,  72 ,  11 ,  81],[0 ,  29 ,  67 ,  8],[0 ,  10 ,  14 ,  78],[0 ,  61 ,  97 ,  91],[0 ,  12 ,  86 ,  77],[0 ,  96 ,  7 ,  58],[0 ,  77 ,  22 ,  19],[0 ,  89 ,  78 ,  58],[0 ,  57 ,  41 ,  63],[0 ,  44 ,  78 ,  44],[0 ,  25 ,  63 ,  88],[0 ,  54 ,  17 ,  44],[0 ,  35 ,  77 ,  14],[0 ,  28 ,  60 ,  83],[0 ,  85 ,  9 ,  40],[0 ,  76 ,  36 ,  9],[0 ,  32 ,  72 ,  79],[0 ,  76 ,  69 ,  30],[0 ,  95 ,  68 ,  36],[0 ,  42 ,  37 ,  54],[0 ,  23 ,  85 ,  80],[0 ,  90 ,  13 ,  28],[0 ,  74 ,  42 ,  1]
[0 ,  49 ,  12 ,  78],[0 ,  14 ,  41 ,  19],[0 ,  41 ,  99 ,  11],[0 ,  43 ,  65 ,  61],[0 ,  37 ,  54 ,  97],[0 ,  87 ,  22 ,  66],[0 ,  56 ,  26 ,  88],[0 ,  64 ,  37 ,  88],[0 ,  81 ,  90 ,  98],[0 ,  10 ,  80 ,  4],[0 ,  62 ,  24 ,  44],[0 ,  64 ,  92 ,  98],[0 ,  36 ,  28 ,  4],[0 ,  21 ,  71 ,  63],[0 ,  86 ,  57 ,  77],[0 ,  93 ,  62 ,  13],[0 ,  96 ,  76 ,  85],[0 ,  24 ,  91 ,  15],[0 ,  77 ,  84 ,  2],[0 ,  72 ,  41 ,  98],[0 ,  87 ,  89 ,  10],[0 ,  77 ,  31 ,  85],[0 ,  86 ,  61 ,  55],[0 ,  37 ,  17 ,  75],[0 ,  55 ,  72 ,  45]
[0 ,  80 ,  84 ,  14],[0 ,  47 ,  97 ,  77],[0 ,  49 ,  15 ,  75],[0 ,  81 ,  100 ,  96],[0 ,  34 ,  35 ,  21],[0 ,  9 ,  98 ,  8],[0 ,  71 ,  34 ,  74],[0 ,  87 ,  39 ,  67],[0 ,  29 ,  53 ,  53],[0 ,  65 ,  8 ,  35],[0 ,  84 ,  60 ,  86],[0 ,  61 ,  19 ,  41],[0 ,  64 ,  20 ,  87],[0 ,  61 ,  90 ,  98],[0 ,  2 ,  87 ,  22],[0 ,  16 ,  45 ,  35],[0 ,  22 ,  12 ,  15],[0 ,  8 ,  91 ,  42],[0 ,  71 ,  25 ,  93],[0 ,  42 ,  21 ,  59],[0 ,  21 ,  76 ,  79],[0 ,  12 ,  90 ,  20],[0 ,  73 ,  64 ,  66],[0 ,  67 ,  19 ,  7],[0 ,  9 ,  87 ,  40]
[0 ,  47 ,  53 ,  49],[0 ,  29 ,  56 ,  19],[0 ,  35 ,  39 ,  28],[0 ,  22 ,  14 ,  32],[0 ,  86 ,  2 ,  57],[0 ,  46 ,  33 ,  24],[0 ,  42 ,  68 ,  36],[0 ,  62 ,  36 ,  7],[0 ,  87 ,  24 ,  39],[0 ,  29 ,  100 ,  62],[0 ,  99 ,  5 ,  98],[0 ,  94 ,  5 ,  56],[0 ,  3 ,  22 ,  73],[0 ,  43 ,  43 ,  55],[0 ,  75 ,  8 ,  38],[0 ,  12 ,  90 ,  21],[0 ,  64 ,  24 ,  82],[0 ,  39 ,  21 ,  14],[0 ,  3 ,  43 ,  96],[0 ,  2 ,  74 ,  53],[0 ,  31 ,  20 ,  24],[0 ,  37 ,  78 ,  24],[0 ,  29 ,  88 ,  90],[0 ,  35 ,  50 ,  59],[0 ,  17 ,  48 ,  90]
[0 ,  20 ,  27 ,  68],[0 ,  70 ,  91 ,  94],[0 ,  32 ,  8 ,  17],[0 ,  72 ,  25 ,  27],[0 ,  14 ,  82 ,  9],[0 ,  8 ,  21 ,  22],[0 ,  46 ,  42 ,  34],[0 ,  17 ,  63 ,  44],[0 ,  4 ,  36 ,  87],[0 ,  55 ,  72 ,  24],[0 ,  13 ,  78 ,  70],[0 ,  81 ,  8 ,  81],[0 ,  81 ,  96 ,  74],[0 ,  27 ,  34 ,  77],[0 ,  32 ,  84 ,  29],[0 ,  68 ,  1 ,  36],[0 ,  57 ,  35 ,  21],[0 ,  57 ,  16 ,  62],[0 ,  58 ,  82 ,  43],[0 ,  95 ,  36 ,  42],[0 ,  96 ,  46 ,  64],[0 ,  98 ,  34 ,  76],[0 ,  40 ,  66 ,  60],[0 ,  76 ,  58 ,  40],[0 ,  19 ,  40 ,  8]
[0 ,  46 ,  34 ,  9],[0 ,  95 ,  97 ,  87],[0 ,  4 ,  34 ,  3],[0 ,  12 ,  72 ,  50],[0 ,  67 ,  59 ,  42],[0 ,  92 ,  27 ,  63],[0 ,  39 ,  7 ,  94],[0 ,  12 ,  36 ,  72],[0 ,  11 ,  28 ,  23],[0 ,  65 ,  59 ,  20],[0 ,  22 ,  28 ,  93],[0 ,  28 ,  45 ,  67],[0 ,  39 ,  62 ,  89],[0 ,  10 ,  59 ,  1],[0 ,  58 ,  29 ,  89],[0 ,  73 ,  51 ,  24],[0 ,  38 ,  4 ,  88],[0 ,  18 ,  61 ,  89],[0 ,  36 ,  70 ,  96],[0 ,  92 ,  27 ,  36],[0 ,  71 ,  53 ,  87],[0 ,  43 ,  54 ,  27],[0 ,  55 ,  87 ,  99],[0 ,  44 ,  77 ,  100],[0 ,  89 ,  91 ,  31]
[0 ,  41 ,  84 ,  61],[0 ,  15 ,  64 ,  91],[0 ,  18 ,  9 ,  27],[0 ,  53 ,  20 ,  78],[0 ,  62 ,  35 ,  91],[0 ,  71 ,  25 ,  17],[0 ,  29 ,  17 ,  14],[0 ,  17 ,  14 ,  58],[0 ,  84 ,  89 ,  65],[0 ,  59 ,  73 ,  18],[0 ,  5 ,  13 ,  3],[0 ,  18 ,  29 ,  27],[0 ,  33 ,  26 ,  21],[0 ,  18 ,  1 ,  89],[0 ,  5 ,  77 ,  29],[0 ,  9 ,  13 ,  99],[0 ,  100 ,  62 ,  50],[0 ,  2 ,  87 ,  76],[0 ,  78 ,  52 ,  86],[0 ,  64 ,  92 ,  68],[0 ,  24 ,  37 ,  82],[0 ,  97 ,  41 ,  18],[0 ,  81 ,  27 ,  23],[0 ,  56 ,  2 ,  63],[0 ,  85 ,  64 ,  22]
[0 ,  49 ,  14 ,  27],[0 ,  72 ,  89 ,  27],[0 ,  51 ,  27 ,  37],[0 ,  25 ,  55 ,  37],[0 ,  98 ,  80 ,  29],[0 ,  84 ,  74 ,  11],[0 ,  73 ,  18 ,  4],[0 ,  54 ,  71 ,  60],[0 ,  71 ,  9 ,  36],[0 ,  16 ,  16 ,  28],[0 ,  53 ,  94 ,  54],[0 ,  98 ,  5 ,  78],[0 ,  89 ,  85 ,  80],[0 ,  74 ,  26 ,  93],[0 ,  81 ,  96 ,  39],[0 ,  34 ,  38 ,  21],[0 ,  73 ,  75 ,  19],[0 ,  83 ,  30 ,  45],[0 ,  38 ,  53 ,  86],[0 ,  43 ,  87 ,  15],[0 ,  15 ,  21 ,  93],[0 ,  14 ,  34 ,  33],[0 ,  89 ,  97 ,  26],[0 ,  79 ,  87 ,  4],[0 ,  33 ,  2 ,  25]
[0 ,  48 ,  11 ,  68],[0 ,  73 ,  10 ,  13],[0 ,  42 ,  24 ,  65],[0 ,  34 ,  73 ,  5],[0 ,  69 ,  71 ,  28],[0 ,  95 ,  10 ,  37],[0 ,  54 ,  38 ,  61],[0 ,  23 ,  88 ,  42],[0 ,  40 ,  40 ,  3],[0 ,  52 ,  58 ,  29],[0 ,  85 ,  49 ,  19],[0 ,  47 ,  50 ,  76],[0 ,  59 ,  3 ,  21],[0 ,  37 ,  97 ,  100],[0 ,  93 ,  27 ,  29],[0 ,  20 ,  81 ,  13],[0 ,  39 ,  99 ,  100],[0 ,  42 ,  50 ,  90],[0 ,  92 ,  8 ,  45],[0 ,  95 ,  70 ,  62],[0 ,  77 ,  98 ,  5],[0 ,  28 ,  5 ,  61],[0 ,  71 ,  18 ,  45],[0 ,  23 ,  5 ,  7],[0 ,  9 ,  33 ,  58]
[0 ,  45 ,  99 ,  99],[0 ,  16 ,  1 ,  58],[0 ,  53 ,  43 ,  64],[0 ,  22 ,  26 ,  29],[0 ,  53 ,  8 ,  59],[0 ,  67 ,  27 ,  95],[0 ,  28 ,  1 ,  49],[0 ,  76 ,  88 ,  2],[0 ,  79 ,  83 ,  68],[0 ,  10 ,  25 ,  99],[0 ,  22 ,  85 ,  28],[0 ,  47 ,  1 ,  10],[0 ,  64 ,  90 ,  66],[0 ,  3 ,  97 ,  47],[0 ,  67 ,  99 ,  82],[0 ,  73 ,  27 ,  94],[0 ,  6 ,  84 ,  72],[0 ,  3 ,  27 ,  60],[0 ,  93 ,  20 ,  79],[0 ,  54 ,  92 ,  11],[0 ,  64 ,  61 ,  76],[0 ,  47 ,  76 ,  23],[0 ,  7 ,  22 ,  17],[0 ,  57 ,  8 ,  81],[0 ,  76 ,  73 ,  31]
[0 ,  66 ,  74 ,  86],[0 ,  64 ,  27 ,  16],[0 ,  22 ,  10 ,  36],[0 ,  59 ,  72 ,  11],[0 ,  68 ,  43 ,  96],[0 ,  62 ,  41 ,  72],[0 ,  19 ,  1 ,  94],[0 ,  31 ,  52 ,  1],[0 ,  10 ,  98 ,  32],[0 ,  86 ,  47 ,  94],[0 ,  5 ,  19 ,  87],[0 ,  1 ,  42 ,  42],[0 ,  30 ,  86 ,  97],[0 ,  80 ,  1 ,  41],[0 ,  18 ,  60 ,  21],[0 ,  87 ,  10 ,  24],[0 ,  77 ,  49 ,  13],[0 ,  74 ,  58 ,  52],[0 ,  69 ,  50 ,  74],[0 ,  59 ,  72 ,  92],[0 ,  21 ,  90 ,  11],[0 ,  77 ,  79 ,  71],[0 ,  72 ,  45 ,  35],[0 ,  16 ,  32 ,  68],[0 ,  44 ,  3 ,  64]
[0 ,  34 ,  94 ,  44],[0 ,  97 ,  69 ,  41],[0 ,  11 ,  51 ,  57],[0 ,  6 ,  62 ,  65],[0 ,  21 ,  75 ,  59],[0 ,  7 ,  47 ,  95],[0 ,  41 ,  5 ,  48],[0 ,  74 ,  1 ,  89],[0 ,  22 ,  52 ,  49],[0 ,  86 ,  97 ,  78],[0 ,  29 ,  29 ,  33],[0 ,  20 ,  88 ,  73],[0 ,  89 ,  62 ,  77],[0 ,  79 ,  93 ,  93],[0 ,  9 ,  30 ,  11],[0 ,  73 ,  93 ,  82],[0 ,  47 ,  98 ,  35],[0 ,  41 ,  22 ,  84],[0 ,  11 ,  99 ,  29],[0 ,  47 ,  62 ,  80],[0 ,  41 ,  78 ,  52],[0 ,  3 ,  24 ,  72],[0 ,  58 ,  87 ,  58],[0 ,  97 ,  90 ,  41],[0 ,  43 ,  44 ,  84]
[0 ,  74 ,  63 ,  95],[0 ,  29 ,  48 ,  4],[0 ,  77 ,  63 ,  12],[0 ,  9 ,  79 ,  56],[0 ,  22 ,  61 ,  16],[0 ,  50 ,  84 ,  57],[0 ,  45 ,  8 ,  47],[0 ,  36 ,  71 ,  47],[0 ,  61 ,  31 ,  34],[0 ,  3 ,  62 ,  51],[0 ,  73 ,  59 ,  73],[0 ,  35 ,  81 ,  1],[0 ,  27 ,  69 ,  65],[0 ,  17 ,  11 ,  61],[0 ,  90 ,  6 ,  56],[0 ,  95 ,  65 ,  43],[0 ,  59 ,  5 ,  38],[0 ,  53 ,  76 ,  94],[0 ,  5 ,  18 ,  72],[0 ,  56 ,  38 ,  11],[0 ,  59 ,  53 ,  68],[0 ,  9 ,  66 ,  30],[0 ,  35 ,  86 ,  50],[0 ,  24 ,  51 ,  62],[0 ,  10 ,  8 ,  80]
[0 ,  22 ,  37 ,  71],[0 ,  31 ,  78 ,  71],[0 ,  80 ,  94 ,  48],[0 ,  65 ,  40 ,  79],[0 ,  88 ,  94 ,  79],[0 ,  65 ,  80 ,  61],[0 ,  88 ,  11 ,  49],[0 ,  100 ,  47 ,  11],[0 ,  82 ,  75 ,  54],[0 ,  22 ,  46 ,  1],[0 ,  52 ,  90 ,  48],[0 ,  56 ,  89 ,  82],[0 ,  31 ,  85 ,  61],[0 ,  24 ,  31 ,  97],[0 ,  79 ,  57 ,  56],[0 ,  94 ,  26 ,  49],[0 ,  84 ,  6 ,  83],[0 ,  85 ,  48 ,  48],[0 ,  94 ,  67 ,  76],[0 ,  36 ,  30 ,  59],[0 ,  14 ,  52 ,  82],[0 ,  63 ,  38 ,  25],[0 ,  1 ,  82 ,  34],[0 ,  7 ,  69 ,  14],[0 ,  77 ,  40 ,  14]
[0 ,  89 ,  75 ,  57],[0 ,  97 ,  97 ,  32],[0 ,  61 ,  20 ,  90],[0 ,  30 ,  45 ,  13],[0 ,  15 ,  60 ,  56],[0 ,  31 ,  16 ,  2],[0 ,  24 ,  15 ,  92],[0 ,  49 ,  3 ,  84],[0 ,  94 ,  54 ,  4],[0 ,  89 ,  1 ,  2],[0 ,  67 ,  5 ,  80],[0 ,  18 ,  67 ,  57],[0 ,  69 ,  22 ,  67],[0 ,  82 ,  13 ,  90],[0 ,  5 ,  94 ,  55],[0 ,  48 ,  77 ,  100],[0 ,  25 ,  93 ,  15],[0 ,  89 ,  54 ,  26],[0 ,  20 ,  97 ,  55],[0 ,  96 ,  49 ,  75],[0 ,  13 ,  12 ,  97],[0 ,  1 ,  83 ,  94],[0 ,  11 ,  16 ,  32],[0 ,  18 ,  59 ,  45],[0 ,  41 ,  91 ,  67]
[0 ,  84 ,  19 ,  12],[0 ,  12 ,  84 ,  58],[0 ,  97 ,  99 ,  18],[0 ,  16 ,  34 ,  6],[0 ,  81 ,  15 ,  36],[0 ,  94 ,  47 ,  21],[0 ,  83 ,  70 ,  68],[0 ,  81 ,  5 ,  42],[0 ,  37 ,  5 ,  33],[0 ,  75 ,  19 ,  60],[0 ,  86 ,  100 ,  12],[0 ,  76 ,  43 ,  78],[0 ,  20 ,  76 ,  83],[0 ,  58 ,  86 ,  50],[0 ,  1 ,  9 ,  42],[0 ,  31 ,  37 ,  68],[0 ,  69 ,  35 ,  40],[0 ,  98 ,  97 ,  90],[0 ,  62 ,  61 ,  62],[0 ,  85 ,  24 ,  77],[0 ,  74 ,  15 ,  32],[0 ,  27 ,  26 ,  91],[0 ,  14 ,  7 ,  65],[0 ,  34 ,  72 ,  73],[0 ,  76 ,  88 ,  84]
[0 ,  95 ,  96 ,  75],[0 ,  98 ,  65 ,  75],[0 ,  84 ,  76 ,  48],[0 ,  89 ,  52 ,  82],[0 ,  80 ,  76 ,  92],[0 ,  92 ,  70 ,  95],[0 ,  22 ,  36 ,  53],[0 ,  50 ,  47 ,  97],[0 ,  50 ,  67 ,  43],[0 ,  91 ,  29 ,  60],[0 ,  95 ,  94 ,  97],[0 ,  28 ,  49 ,  69],[0 ,  16 ,  59 ,  67],[0 ,  87 ,  24 ,  25],[0 ,  94 ,  29 ,  76],[0 ,  56 ,  59 ,  51],[0 ,  48 ,  42 ,  61],[0 ,  67 ,  52 ,  41],[0 ,  95 ,  57 ,  68],[0 ,  31 ,  57 ,  84],[0 ,  14 ,  93 ,  85],[0 ,  41 ,  61 ,  3],[0 ,  42 ,  3 ,  14],[0 ,  11 ,  7 ,  84],[0 ,  5 ,  86 ,  24]
[0 ,  92 ,  19 ,  97],[0 ,  59 ,  34 ,  61],[0 ,  93 ,  43 ,  71],[0 ,  67 ,  5 ,  80],[0 ,  64 ,  41 ,  28],[0 ,  74 ,  88 ,  93],[0 ,  52 ,  82 ,  69],[0 ,  90 ,  44 ,  29],[0 ,  25 ,  39 ,  31],[0 ,  55 ,  41 ,  4],[0 ,  90 ,  39 ,  93],[0 ,  31 ,  72 ,  84],[0 ,  41 ,  77 ,  88],[0 ,  33 ,  64 ,  69],[0 ,  93 ,  63 ,  24],[0 ,  13 ,  63 ,  23],[0 ,  10 ,  7 ,  2],[0 ,  60 ,  14 ,  98],[0 ,  28 ,  53 ,  45],[0 ,  6 ,  46 ,  17],[0 ,  52 ,  100 ,  70],[0 ,  80 ,  40 ,  55],[0 ,  10 ,  97 ,  37],[0 ,  8 ,  3 ,  11],[0 ,  69 ,  86 ,  84]
[0 ,  34 ,  26 ,  94],[0 ,  24 ,  65 ,  34],[0 ,  26 ,  17 ,  81],[0 ,  54 ,  45 ,  47],[0 ,  78 ,  74 ,  86],[0 ,  77 ,  48 ,  71],[0 ,  75 ,  55 ,  25],[0 ,  34 ,  17 ,  60],[0 ,  45 ,  6 ,  11],[0 ,  58 ,  40 ,  17],[0 ,  73 ,  75 ,  6],[0 ,  31 ,  98 ,  11],[0 ,  67 ,  16 ,  29],[0 ,  17 ,  100 ,  32],[0 ,  14 ,  94 ,  38],[0 ,  14 ,  97 ,  12],[0 ,  72 ,  19 ,  72],[0 ,  37 ,  77 ,  59],[0 ,  94 ,  67 ,  90],[0 ,  4 ,  57 ,  20],[0 ,  12 ,  26 ,  6],[0 ,  9 ,  41 ,  79],[0 ,  51 ,  11 ,  6],[0 ,  30 ,  45 ,  3],[0 ,  23 ,  24 ,  9]
[0 ,  89 ,  100 ,  36],[0 ,  93 ,  58 ,  97],[0 ,  83 ,  41 ,  29],[0 ,  45 ,  88 ,  65],[0 ,  45 ,  4 ,  90],[0 ,  13 ,  76 ,  48],[0 ,  56 ,  97 ,  37],[0 ,  11 ,  2 ,  47],[0 ,  59 ,  26 ,  57],[0 ,  42 ,  85 ,  65],[0 ,  26 ,  100 ,  6],[0 ,  61 ,  35 ,  79],[0 ,  79 ,  91 ,  100],[0 ,  95 ,  80 ,  86],[0 ,  87 ,  87 ,  65],[0 ,  79 ,  58 ,  7],[0 ,  47 ,  27 ,  69],[0 ,  26 ,  91 ,  40],[0 ,  18 ,  27 ,  30],[0 ,  14 ,  81 ,  13],[0 ,  35 ,  44 ,  15],[0 ,  42 ,  48 ,  19],[0 ,  74 ,  72 ,  43],[0 ,  75 ,  58 ,  43],[0 ,  69 ,  78 ,  65]
[0 ,  72 ,  93 ,  27],[0 ,  56 ,  7 ,  97],[0 ,  94 ,  98 ,  9],[0 ,  95 ,  80 ,  9],[0 ,  35 ,  92 ,  67],[0 ,  22 ,  69 ,  82],[0 ,  48 ,  49 ,  25],[0 ,  85 ,  9 ,  46],[0 ,  52 ,  63 ,  37],[0 ,  31 ,  13 ,  65],[0 ,  76 ,  47 ,  72],[0 ,  27 ,  33 ,  43],[0 ,  19 ,  74 ,  76],[0 ,  56 ,  28 ,  74],[0 ,  94 ,  27 ,  44],[0 ,  56 ,  16 ,  99],[0 ,  70 ,  4 ,  53],[0 ,  85 ,  76 ,  15],[0 ,  12 ,  32 ,  22],[0 ,  55 ,  90 ,  37],[0 ,  33 ,  98 ,  29],[0 ,  79 ,  11 ,  12],[0 ,  51 ,  74 ,  37],[0 ,  80 ,  41 ,  24],[0 ,  58 ,  41 ,  70]
[0 ,  44 ,  48 ,  32],[0 ,  1 ,  46 ,  86],[0 ,  87 ,  25 ,  88],[0 ,  88 ,  12 ,  77],[0 ,  75 ,  79 ,  25],[0 ,  40 ,  36 ,  99],[0 ,  44 ,  72 ,  83],[0 ,  85 ,  68 ,  20],[0 ,  94 ,  69 ,  12],[0 ,  6 ,  57 ,  53],[0 ,  74 ,  31 ,  19],[0 ,  34 ,  18 ,  81],[0 ,  62 ,  87 ,  64],[0 ,  9 ,  67 ,  32],[0 ,  45 ,  83 ,  17],[0 ,  12 ,  50 ,  13],[0 ,  6 ,  36 ,  66],[0 ,  93 ,  31 ,  1],[0 ,  72 ,  71 ,  11],[0 ,  11 ,  99 ,  74],[0 ,  36 ,  15 ,  43],[0 ,  78 ,  66 ,  35],[0 ,  83 ,  67 ,  60],[0 ,  60 ,  91 ,  15],[0 ,  8 ,  82 ,  41]
[0 ,  56 ,  1 ,  75],[0 ,  29 ,  3 ,  28],[0 ,  89 ,  11 ,  94],[0 ,  75 ,  24 ,  76],[0 ,  38 ,  29 ,  24],[0 ,  83 ,  71 ,  60],[0 ,  18 ,  6 ,  73],[0 ,  56 ,  30 ,  36],[0 ,  55 ,  42 ,  60],[0 ,  21 ,  6 ,  1],[0 ,  39 ,  60 ,  85],[0 ,  59 ,  42 ,  61],[0 ,  53 ,  87 ,  72],[0 ,  89 ,  21 ,  30],[0 ,  43 ,  79 ,  91],[0 ,  3 ,  81 ,  72],[0 ,  5 ,  71 ,  82],[0 ,  21 ,  87 ,  46],[0 ,  44 ,  9 ,  95],[0 ,  97 ,  22 ,  66],[0 ,  87 ,  88 ,  79],[0 ,  26 ,  64 ,  86],[0 ,  15 ,  84 ,  93],[0 ,  17 ,  37 ,  57],[0 ,  12 ,  59 ,  16]
[0 ,  52 ,  82 ,  59],[0 ,  66 ,  22 ,  48],[0 ,  86 ,  56 ,  96],[0 ,  66 ,  17 ,  31],[0 ,  70 ,  6 ,  71],[0 ,  45 ,  24 ,  5],[0 ,  28 ,  44 ,  21],[0 ,  76 ,  32 ,  46],[0 ,  16 ,  35 ,  74],[0 ,  17 ,  68 ,  36],[0 ,  21 ,  30 ,  41],[0 ,  32 ,  12 ,  1],[0 ,  76 ,  9 ,  33],[0 ,  56 ,  17 ,  3],[0 ,  60 ,  43 ,  34],[0 ,  33 ,  65 ,  63],[0 ,  43 ,  6 ,  21],[0 ,  53 ,  32 ,  60],[0 ,  66 ,  51 ,  95],[0 ,  78 ,  91 ,  21],[0 ,  35 ,  85 ,  85],[0 ,  88 ,  85 ,  88],[0 ,  33 ,  4 ,  22],[0 ,  27 ,  41 ,  21],[0 ,  4 ,  62 ,  65]
[0 ,  28 ,  96 ,  11],[0 ,  21 ,  51 ,  11],[0 ,  44 ,  91 ,  100],[0 ,  20 ,  51 ,  57],[0 ,  1 ,  20 ,  49],[0 ,  50 ,  88 ,  18],[0 ,  72 ,  60 ,  100],[0 ,  8 ,  48 ,  1],[0 ,  75 ,  8 ,  43],[0 ,  58 ,  33 ,  77],[0 ,  4 ,  6 ,  52],[0 ,  78 ,  34 ,  55],[0 ,  42 ,  66 ,  7],[0 ,  22 ,  58 ,  76],[0 ,  6 ,  88 ,  75],[0 ,  100 ,  46 ,  1],[0 ,  52 ,  14 ,  87],[0 ,  21 ,  44 ,  52],[0 ,  65 ,  100 ,  8],[0 ,  39 ,  76 ,  12],[0 ,  68 ,  6 ,  55],[0 ,  37 ,  46 ,  90],[0 ,  36 ,  76 ,  94],[0 ,  83 ,  11 ,  68],[0 ,  62 ,  76 ,  60]
[0 ,  17 ,  85 ,  51],[0 ,  57 ,  90 ,  43],[0 ,  78 ,  80 ,  30],[0 ,  80 ,  36 ,  18],[0 ,  99 ,  96 ,  47],[0 ,  18 ,  3 ,  36],[0 ,  72 ,  49 ,  92],[0 ,  85 ,  7 ,  97],[0 ,  61 ,  24 ,  80],[0 ,  67 ,  93 ,  72],[0 ,  44 ,  63 ,  45],[0 ,  35 ,  43 ,  10],[0 ,  72 ,  3 ,  3],[0 ,  54 ,  88 ,  32],[0 ,  6 ,  97 ,  97],[0 ,  95 ,  100 ,  41],[0 ,  39 ,  9 ,  5],[0 ,  63 ,  49 ,  88],[0 ,  79 ,  93 ,  2],[0 ,  4 ,  36 ,  8],[0 ,  78 ,  3 ,  47],[0 ,  78 ,  99 ,  35],[0 ,  21 ,  29 ,  86],[0 ,  74 ,  39 ,  56],[0 ,  57 ,  18 ,  93]
[0 ,  98 ,  26 ,  35],[0 ,  33 ,  40 ,  96],[0 ,  14 ,  34 ,  48],[0 ,  67 ,  63 ,  93],[0 ,  98 ,  35 ,  79],[0 ,  86 ,  62 ,  90],[0 ,  99 ,  81 ,  32],[0 ,  43 ,  29 ,  72],[0 ,  92 ,  34 ,  17],[0 ,  43 ,  53 ,  11],[0 ,  89 ,  25 ,  81],[0 ,  45 ,  79 ,  65],[0 ,  46 ,  1 ,  2],[0 ,  72 ,  61 ,  18],[0 ,  78 ,  46 ,  8],[0 ,  2 ,  18 ,  47],[0 ,  94 ,  74 ,  57],[0 ,  35 ,  74 ,  92],[0 ,  82 ,  12 ,  46],[0 ,  4 ,  64 ,  56],[0 ,  38 ,  54 ,  11],[0 ,  56 ,  79 ,  1],[0 ,  85 ,  81 ,  60],[0 ,  55 ,  79 ,  77],[0 ,  74 ,  72 ,  100]
[0 ,  79 ,  41 ,  5],[0 ,  8 ,  48 ,  95],[0 ,  12 ,  98 ,  22],[0 ,  54 ,  79 ,  13],[0 ,  19 ,  93 ,  53],[0 ,  63 ,  90 ,  7],[0 ,  18 ,  8 ,  54],[0 ,  87 ,  86 ,  35],[0 ,  71 ,  7 ,  76],[0 ,  15 ,  15 ,  25],[0 ,  12 ,  57 ,  6],[0 ,  74 ,  17 ,  34],[0 ,  8 ,  20 ,  3],[0 ,  20 ,  40 ,  98],[0 ,  49 ,  57 ,  72],[0 ,  6 ,  83 ,  95],[0 ,  93 ,  21 ,  62],[0 ,  13 ,  71 ,  1],[0 ,  59 ,  5 ,  6],[0 ,  96 ,  49 ,  64],[0 ,  43 ,  89 ,  70],[0 ,  76 ,  42 ,  44],[0 ,  76 ,  64 ,  53],[0 ,  2 ,  1 ,  29],[0 ,  97 ,  53 ,  40]
[0 ,  82 ,  92 ,  33],[0 ,  20 ,  62 ,  91],[0 ,  38 ,  93 ,  43],[0 ,  35 ,  38 ,  25],[0 ,  87 ,  54 ,  19],[0 ,  8 ,  81 ,  39],[0 ,  17 ,  11 ,  42],[0 ,  96 ,  69 ,  77],[0 ,  90 ,  28 ,  26],[0 ,  13 ,  33 ,  97],[0 ,  14 ,  15 ,  59],[0 ,  81 ,  77 ,  88],[0 ,  30 ,  60 ,  26],[0 ,  41 ,  11 ,  26],[0 ,  4 ,  90 ,  51],[0 ,  52 ,  75 ,  56],[0 ,  92 ,  31 ,  56],[0 ,  32 ,  16 ,  8],[0 ,  92 ,  23 ,  49],[0 ,  25 ,  92 ,  83],[0 ,  61 ,  47 ,  95],[0 ,  21 ,  28 ,  68],[0 ,  90 ,  88 ,  52],[0 ,  34 ,  51 ,  45],[0 ,  70 ,  87 ,  26]
[0 ,  17 ,  57 ,  91],[0 ,  28 ,  20 ,  93],[0 ,  49 ,  65 ,  64],[0 ,  61 ,  68 ,  73],[0 ,  83 ,  14 ,  65],[0 ,  58 ,  74 ,  88],[0 ,  4 ,  36 ,  56],[0 ,  9 ,  27 ,  81],[0 ,  84 ,  37 ,  77],[0 ,  26 ,  14 ,  9],[0 ,  28 ,  99 ,  79],[0 ,  28 ,  40 ,  80],[0 ,  71 ,  12 ,  91],[0 ,  3 ,  32 ,  67],[0 ,  3 ,  38 ,  21],[0 ,  97 ,  40 ,  52],[0 ,  28 ,  88 ,  13],[0 ,  72 ,  62 ,  80],[0 ,  24 ,  26 ,  25],[0 ,  28 ,  71 ,  48],[0 ,  91 ,  76 ,  86],[0 ,  23 ,  40 ,  17],[0 ,  71 ,  80 ,  39],[0 ,  14 ,  44 ,  87],[0 ,  55 ,  50 ,  97]
[0 ,  100 ,  64 ,  32],[0 ,  80 ,  88 ,  6],[0 ,  23 ,  39 ,  68],[0 ,  3 ,  62 ,  1],[0 ,  38 ,  80 ,  44],[0 ,  90 ,  86 ,  84],[0 ,  94 ,  38 ,  19],[0 ,  11 ,  86 ,  79],[0 ,  38 ,  57 ,  42],[0 ,  11 ,  57 ,  12],[0 ,  83 ,  31 ,  85],[0 ,  75 ,  69 ,  67],[0 ,  19 ,  48 ,  40],[0 ,  92 ,  33 ,  94],[0 ,  86 ,  50 ,  21],[0 ,  13 ,  87 ,  34],[0 ,  41 ,  91 ,  17],[0 ,  24 ,  66 ,  79],[0 ,  58 ,  20 ,  68],[0 ,  47 ,  47 ,  31],[0 ,  76 ,  84 ,  10],[0 ,  15 ,  94 ,  39],[0 ,  66 ,  15 ,  42],[0 ,  8 ,  85 ,  81],[0 ,  27 ,  70 ,  35]
[0 ,  2 ,  57 ,  68],[0 ,  80 ,  10 ,  13],[0 ,  80 ,  65 ,  54],[0 ,  66 ,  15 ,  27],[0 ,  27 ,  58 ,  34],[0 ,  13 ,  45 ,  6],[0 ,  27 ,  79 ,  48],[0 ,  45 ,  85 ,  87],[0 ,  36 ,  29 ,  37],[0 ,  23 ,  100 ,  92],[0 ,  23 ,  79 ,  78],[0 ,  36 ,  57 ,  30],[0 ,  7 ,  49 ,  18],[0 ,  43 ,  45 ,  52],[0 ,  16 ,  40 ,  35],[0 ,  80 ,  49 ,  97],[0 ,  5 ,  44 ,  4],[0 ,  35 ,  48 ,  74],[0 ,  5 ,  18 ,  18],[0 ,  37 ,  74 ,  22],[0 ,  49 ,  43 ,  50],[0 ,  42 ,  79 ,  29],[0 ,  51 ,  12 ,  13],[0 ,  1 ,  60 ,  8],[0 ,  56 ,  15 ,  83]
[0 ,  69 ,  44 ,  13],[0 ,  6 ,  68 ,  64],[0 ,  16 ,  28 ,  26],[0 ,  56 ,  40 ,  81],[0 ,  33 ,  71 ,  97],[0 ,  88 ,  27 ,  29],[0 ,  29 ,  34 ,  88],[0 ,  48 ,  37 ,  35],[0 ,  9 ,  80 ,  72],[0 ,  4 ,  90 ,  8],[0 ,  41 ,  21 ,  61],[0 ,  31 ,  39 ,  7],[0 ,  90 ,  7 ,  82],[0 ,  32 ,  97 ,  21],[0 ,  87 ,  94 ,  44],[0 ,  47 ,  1 ,  48],[0 ,  22 ,  86 ,  72],[0 ,  54 ,  83 ,  25],[0 ,  51 ,  29 ,  69],[0 ,  21 ,  6 ,  27],[0 ,  59 ,  7 ,  71],[0 ,  14 ,  39 ,  89],[0 ,  31 ,  40 ,  74],[0 ,  7 ,  68 ,  39],[0 ,  42 ,  52 ,  11]
[0 ,  45 ,  44 ,  89],[0 ,  31 ,  78 ,  53],[0 ,  21 ,  87 ,  3],[0 ,  31 ,  89 ,  1],[0 ,  99 ,  56 ,  18],[0 ,  48 ,  40 ,  56],[0 ,  64 ,  80 ,  19],[0 ,  78 ,  95 ,  81],[0 ,  40 ,  35 ,  96],[0 ,  78 ,  64 ,  6],[0 ,  53 ,  44 ,  37],[0 ,  42 ,  25 ,  84],[0 ,  31 ,  90 ,  14],[0 ,  7 ,  92 ,  20],[0 ,  38 ,  76 ,  38],[0 ,  83 ,  68 ,  11],[0 ,  84 ,  68 ,  65],[0 ,  50 ,  10 ,  78],[0 ,  65 ,  43 ,  36],[0 ,  48 ,  38 ,  29],[0 ,  9 ,  94 ,  53],[0 ,  93 ,  56 ,  64],[0 ,  79 ,  83 ,  81],[0 ,  57 ,  3 ,  46],[0 ,  23 ,  95 ,  49]
[0 ,  87 ,  36 ,  43],[0 ,  36 ,  82 ,  1],[0 ,  20 ,  84 ,  29],[0 ,  43 ,  49 ,  51],[0 ,  37 ,  35 ,  96],[0 ,  89 ,  35 ,  97],[0 ,  41 ,  89 ,  74],[0 ,  34 ,  74 ,  23],[0 ,  99 ,  34 ,  69],[0 ,  78 ,  80 ,  18],[0 ,  42 ,  53 ,  2],[0 ,  58 ,  88 ,  72],[0 ,  62 ,  40 ,  27],[0 ,  45 ,  43 ,  50],[0 ,  57 ,  62 ,  15],[0 ,  32 ,  65 ,  96],[0 ,  73 ,  10 ,  72],[0 ,  1 ,  96 ,  57],[0 ,  9 ,  16 ,  90],[0 ,  38 ,  97 ,  39],[0 ,  82 ,  89 ,  39],[0 ,  81 ,  78 ,  92],[0 ,  99 ,  96 ,  29],[0 ,  45 ,  29 ,  28],[0 ,  1 ,  40 ,  13]
[0 ,  40 ,  74 ,  69],[0 ,  72 ,  55 ,  86],[0 ,  54 ,  20 ,  22],[0 ,  84 ,  95 ,  74],[0 ,  75 ,  17 ,  72],[0 ,  71 ,  28 ,  16],[0 ,  99 ,  19 ,  44],[0 ,  13 ,  34 ,  91],[0 ,  30 ,  96 ,  62],[0 ,  16 ,  85 ,  69],[0 ,  31 ,  70 ,  1],[0 ,  29 ,  36 ,  30],[0 ,  42 ,  35 ,  41],[0 ,  55 ,  13 ,  76],[0 ,  28 ,  62 ,  31],[0 ,  9 ,  92 ,  10],[0 ,  100 ,  86 ,  46],[0 ,  45 ,  6 ,  6],[0 ,  17 ,  29 ,  35],[0 ,  79 ,  60 ,  94],[0 ,  97 ,  10 ,  16],[0 ,  93 ,  21 ,  10],[0 ,  15 ,  58 ,  83],[0 ,  100 ,  68 ,  87],[0 ,  74 ,  98 ,  42]
[0 ,  14 ,  29 ,  14],[0 ,  90 ,  98 ,  33],[0 ,  55 ,  35 ,  70],[0 ,  99 ,  14 ,  27],[0 ,  74 ,  23 ,  67],[0 ,  40 ,  7 ,  35],[0 ,  52 ,  81 ,  21],[0 ,  23 ,  82 ,  62],[0 ,  67 ,  25 ,  83],[0 ,  34 ,  14 ,  37],[0 ,  58 ,  99 ,  6],[0 ,  89 ,  25 ,  63],[0 ,  42 ,  13 ,  65],[0 ,  13 ,  35 ,  29],[0 ,  8 ,  53 ,  12],[0 ,  24 ,  90 ,  53],[0 ,  44 ,  27 ,  75],[0 ,  74 ,  85 ,  67],[0 ,  95 ,  34 ,  13],[0 ,  87 ,  62 ,  31],[0 ,  18 ,  81 ,  63],[0 ,  17 ,  92 ,  73],[0 ,  28 ,  50 ,  13],[0 ,  17 ,  55 ,  9],[0 ,  13 ,  96 ,  38]
[0 ,  37 ,  1 ,  49],[0 ,  94 ,  42 ,  89],[0 ,  87 ,  81 ,  2],[0 ,  24 ,  81 ,  89],[0 ,  75 ,  68 ,  61],[0 ,  14 ,  58 ,  34],[0 ,  72 ,  40 ,  17],[0 ,  67 ,  15 ,  65],[0 ,  43 ,  100 ,  18],[0 ,  41 ,  20 ,  65],[0 ,  83 ,  43 ,  90],[0 ,  26 ,  69 ,  3],[0 ,  76 ,  69 ,  15],[0 ,  77 ,  95 ,  67],[0 ,  97 ,  44 ,  62],[0 ,  26 ,  58 ,  81],[0 ,  76 ,  83 ,  55],[0 ,  90 ,  42 ,  18],[0 ,  26 ,  9 ,  68],[0 ,  58 ,  67 ,  100],[0 ,  6 ,  5 ,  19],[0 ,  82 ,  13 ,  73],[0 ,  60 ,  47 ,  69],[0 ,  8 ,  42 ,  9],[0 ,  30 ,  77 ,  2]
[0 ,  82 ,  96 ,  37],[0 ,  54 ,  5 ,  52],[0 ,  32 ,  72 ,  88],[0 ,  44 ,  35 ,  89],[0 ,  34 ,  97 ,  74],[0 ,  56 ,  62 ,  47],[0 ,  16 ,  40 ,  13],[0 ,  72 ,  45 ,  95],[0 ,  65 ,  88 ,  26],[0 ,  70 ,  87 ,  41],[0 ,  42 ,  12 ,  97],[0 ,  34 ,  78 ,  96],[0 ,  33 ,  5 ,  96],[0 ,  88 ,  82 ,  42],[0 ,  1 ,  55 ,  11],[0 ,  86 ,  13 ,  3],[0 ,  38 ,  26 ,  94],[0 ,  34 ,  60 ,  91],[0 ,  47 ,  33 ,  50],[0 ,  5 ,  63 ,  25],[0 ,  87 ,  52 ,  86],[0 ,  48 ,  6 ,  93],[0 ,  23 ,  60 ,  29],[0 ,  29 ,  77 ,  71],[0 ,  26 ,  15 ,  44]
[0 ,  57 ,  61 ,  37],[0 ,  67 ,  36 ,  76],[0 ,  19 ,  24 ,  45],[0 ,  52 ,  17 ,  35],[0 ,  79 ,  90 ,  4],[0 ,  50 ,  28 ,  99],[0 ,  47 ,  58 ,  18],[0 ,  41 ,  42 ,  46],[0 ,  74 ,  60 ,  68],[0 ,  91 ,  69 ,  84],[0 ,  12 ,  70 ,  94],[0 ,  45 ,  86 ,  92],[0 ,  74 ,  57 ,  23],[0 ,  78 ,  66 ,  69],[0 ,  97 ,  97 ,  15],[0 ,  4 ,  80 ,  23],[0 ,  20 ,  6 ,  52],[0 ,  61 ,  86 ,  45],[0 ,  69 ,  10 ,  14],[0 ,  79 ,  42 ,  99],[0 ,  39 ,  11 ,  75],[0 ,  12 ,  17 ,  26],[0 ,  89 ,  23 ,  44],[0 ,  44 ,  44 ,  60],[0 ,  73 ,  51 ,  13]
[0 ,  40 ,  14 ,  90],[0 ,  44 ,  46 ,  100],[0 ,  75 ,  15 ,  53],[0 ,  29 ,  9 ,  46],[0 ,  12 ,  5 ,  13],[0 ,  96 ,  10 ,  65],[0 ,  76 ,  9 ,  93],[0 ,  11 ,  16 ,  54],[0 ,  100 ,  52 ,  32],[0 ,  38 ,  50 ,  22],[0 ,  20 ,  74 ,  46],[0 ,  73 ,  98 ,  23],[0 ,  83 ,  73 ,  88],[0 ,  78 ,  1 ,  64],[0 ,  77 ,  4 ,  69],[0 ,  46 ,  7 ,  51],[0 ,  9 ,  97 ,  45],[0 ,  95 ,  95 ,  26],[0 ,  53 ,  36 ,  20],[0 ,  3 ,  67 ,  39],[0 ,  82 ,  26 ,  54],[0 ,  34 ,  82 ,  52],[0 ,  12 ,  87 ,  27],[0 ,  57 ,  90 ,  74],[0 ,  90 ,  64 ,  23]
[0 ,  87 ,  31 ,  29],[0 ,  21 ,  89 ,  31],[0 ,  44 ,  47 ,  68],[0 ,  62 ,  26 ,  41],[0 ,  98 ,  20 ,  34],[0 ,  25 ,  96 ,  36],[0 ,  100 ,  69 ,  16],[0 ,  50 ,  63 ,  57],[0 ,  86 ,  8 ,  27],[0 ,  83 ,  4 ,  87],[0 ,  8 ,  4 ,  53],[0 ,  83 ,  76 ,  18],[0 ,  42 ,  50 ,  14],[0 ,  19 ,  29 ,  22],[0 ,  94 ,  3 ,  16],[0 ,  25 ,  17 ,  87],[0 ,  11 ,  1 ,  50],[0 ,  1 ,  72 ,  13],[0 ,  84 ,  43 ,  92],[0 ,  97 ,  22 ,  36],[0 ,  51 ,  98 ,  5],[0 ,  38 ,  51 ,  18],[0 ,  13 ,  3 ,  73],[0 ,  21 ,  90 ,  35],[0 ,  49 ,  1 ,  100]
