[0,1,31,6],[0,95,44,89],[0,47,42,74],[0,90,37,27],[0,2,11,52],[0,40,54,52],[0,82,61,26],[0,10,42,75],[0,11,74,33],[0,53,95,10],[0,38,78,82],[0,96,31,64],[0,85,97,32],[0,15,60,77],[0,43,63,82],[0,80,38,39],[0,20,93,76],[0,67,48,38],[0,47,93,18],[0,65,63,49],[0,41,87,5],[0,54,6,66],[0,62,68,18],[0,94,14,61],[0,49,60,45]
[0,49,5,34],[0,61,4,58],[0,12,17,47],[0,48,4,55],[0,57,85,4],[0,13,57,92],[0,61,99,47],[0,67,23,53],[0,21,25,32],[0,63,60,63],[0,87,9,83],[0,15,80,81],[0,15,90,25],[0,66,76,66],[0,63,6,75],[0,50,41,70],[0,39,38,37],[0,92,9,62],[0,66,84,38],[0,12,60,36],[0,92,31,30],[0,32,55,86],[0,1,59,50],[0,76,69,42],[0,67,65,92]
[0,40,64,40],[0,52,4,26],[0,57,77,70],[0,30,14,34],[0,76,43,38],[0,24,54,26],[0,32,31,63],[0,69,2,61],[0,36,22,63],[0,1,61,54],[0,52,1,79],[0,11,95,56],[0,61,23,79],[0,65,31,69],[0,81,85,28],[0,22,8,39],[0,1,59,18],[0,14,43,35],[0,42,60,24],[0,83,14,46],[0,4,75,21],[0,97,65,25],[0,47,4,65],[0,59,83,62],[0,84,47,93]
[0,87,71,80],[0,97,99,57],[0,57,61,17],[0,71,21,29],[0,47,82,87],[0,82,67,29],[0,54,9,7],[0,99,81,96],[0,94,63,51],[0,11,19,88],[0,43,11,43],[0,72,37,13],[0,98,91,10],[0,57,23,98],[0,49,55,27],[0,88,17,100],[0,60,72,86],[0,37,53,21],[0,10,10,87],[0,92,12,59],[0,60,57,47],[0,38,18,45],[0,95,90,49],[0,93,15,85],[0,21,7,84]
[0,94,26,94],[0,48,53,71],[0,58,21,85],[0,3,39,49],[0,30,80,64],[0,83,67,71],[0,34,65,50],[0,60,1,33],[0,72,19,1],[0,35,46,24],[0,77,50,11],[0,37,51,30],[0,65,16,51],[0,9,46,94],[0,30,87,47],[0,73,51,84],[0,58,61,4],[0,56,96,63],[0,95,1,25],[0,72,80,50],[0,64,14,95],[0,34,33,3],[0,35,50,51],[0,11,76,58],[0,48,95,59]
[0,10,65,85],[0,24,3,2],[0,66,94,13],[0,4,62,28],[0,99,40,12],[0,8,89,79],[0,78,28,47],[0,23,72,82],[0,35,54,51],[0,3,71,43],[0,42,52,64],[0,26,21,88],[0,36,6,86],[0,32,4,4],[0,30,54,35],[0,65,65,6],[0,16,14,92],[0,58,100,73],[0,8,92,83],[0,90,2,74],[0,95,79,68],[0,95,51,26],[0,75,40,80],[0,13,72,59],[0,5,28,32]
[0,30,60,79],[0,14,57,43],[0,89,90,33],[0,30,5,73],[0,68,36,65],[0,66,3,94],[0,14,57,29],[0,53,90,18],[0,38,77,47],[0,2,37,93],[0,39,95,24],[0,43,13,94],[0,1,64,95],[0,24,100,6],[0,6,8,85],[0,8,68,35],[0,35,92,28],[0,43,57,28],[0,73,66,23],[0,39,69,84],[0,49,7,56],[0,94,16,82],[0,58,67,99],[0,46,41,46],[0,18,56,85]
[0,1,59,12],[0,45,3,44],[0,35,35,92],[0,59,3,78],[0,30,30,52],[0,18,98,98],[0,28,21,4],[0,58,87,12],[0,29,72,68],[0,69,94,41],[0,17,63,9],[0,32,18,54],[0,23,30,55],[0,49,73,1],[0,69,94,18],[0,54,94,74],[0,69,81,50],[0,26,80,31],[0,64,57,65],[0,47,8,91],[0,74,25,94],[0,86,10,1],[0,77,7,11],[0,15,23,15],[0,18,78,31]
[0,91,64,83],[0,81,78,62],[0,34,37,98],[0,1,53,92],[0,89,97,15],[0,10,79,52],[0,98,4,79],[0,100,57,24],[0,1,10,17],[0,87,68,98],[0,41,7,82],[0,3,62,8],[0,38,43,63],[0,42,80,44],[0,58,66,69],[0,45,3,3],[0,82,62,20],[0,95,36,28],[0,100,17,26],[0,7,44,23],[0,98,5,34],[0,92,56,9],[0,80,50,20],[0,78,48,69],[0,69,72,81]
[0,12,41,49],[0,51,5,60],[0,4,44,26],[0,93,33,70],[0,51,82,65],[0,29,44,12],[0,5,57,94],[0,1,35,59],[0,10,5,68],[0,22,39,28],[0,85,62,93],[0,77,2,79],[0,48,29,3],[0,77,46,33],[0,18,9,26],[0,60,57,55],[0,36,55,72],[0,97,79,87],[0,98,48,9],[0,16,3,51],[0,49,5,67],[0,51,26,67],[0,81,8,3],[0,22,38,64],[0,60,64,57]
[0,43,44,7],[0,33,85,49],[0,65,42,11],[0,100,10,83],[0,96,41,69],[0,36,62,92],[0,48,22,99],[0,27,93,93],[0,21,73,95],[0,27,20,62],[0,80,81,54],[0,6,77,71],[0,72,81,70],[0,45,65,22],[0,75,41,61],[0,12,7,19],[0,34,100,20],[0,58,58,22],[0,29,40,96],[0,99,26,26],[0,40,1,57],[0,2,41,86],[0,37,77,32],[0,29,43,80],[0,3,91,48]
[0,37,33,66],[0,31,11,13],[0,9,20,44],[0,61,75,42],[0,20,68,9],[0,68,42,97],[0,35,92,12],[0,63,43,7],[0,52,71,30],[0,68,91,64],[0,51,18,88],[0,21,31,72],[0,65,8,26],[0,52,27,38],[0,17,60,44],[0,38,90,5],[0,32,32,95],[0,49,27,90],[0,90,84,20],[0,1,4,51],[0,68,83,54],[0,71,84,32],[0,24,14,47],[0,38,22,46],[0,82,26,80]
[0,26,27,83],[0,1,47,10],[0,72,33,69],[0,38,50,17],[0,39,23,52],[0,32,41,99],[0,74,24,52],[0,7,48,42],[0,81,46,20],[0,69,2,11],[0,15,20,47],[0,83,51,100],[0,32,51,96],[0,70,87,29],[0,27,89,52],[0,98,2,58],[0,39,16,18],[0,30,67,53],[0,11,63,47],[0,56,99,1],[0,85,33,63],[0,23,90,44],[0,47,85,7],[0,62,88,12],[0,17,1,80]
[0,17,6,91],[0,29,98,79],[0,63,37,61],[0,39,64,29],[0,76,1,46],[0,59,88,60],[0,26,53,84],[0,13,80,5],[0,45,9,37],[0,55,39,83],[0,85,11,61],[0,51,4,34],[0,46,86,86],[0,88,41,46],[0,14,20,65],[0,44,57,72],[0,70,14,55],[0,43,53,80],[0,32,2,80],[0,82,27,56],[0,69,67,9],[0,6,41,7],[0,84,38,18],[0,97,23,6],[0,5,75,81]
[0,75,18,10],[0,98,42,16],[0,14,89,60],[0,27,39,30],[0,74,21,87],[0,86,83,49],[0,5,91,17],[0,85,90,12],[0,9,81,5],[0,26,75,79],[0,16,5,5],[0,16,94,98],[0,14,18,93],[0,18,20,91],[0,95,91,78],[0,17,44,36],[0,64,70,52],[0,3,83,46],[0,85,22,20],[0,8,34,85],[0,27,48,32],[0,99,53,18],[0,57,73,10],[0,44,99,28],[0,70,66,84]
[0,47,89,90],[0,88,40,55],[0,64,92,84],[0,68,62,74],[0,37,73,88],[0,61,17,96],[0,83,34,57],[0,92,74,35],[0,69,4,90],[0,64,16,87],[0,39,72,31],[0,14,45,68],[0,88,95,59],[0,55,55,59],[0,55,48,97],[0,15,59,54],[0,20,36,56],[0,52,15,68],[0,98,19,93],[0,99,56,85],[0,27,80,2],[0,40,67,34],[0,9,57,64],[0,34,57,25],[0,32,87,100]
[0,31,89,41],[0,71,72,8],[0,40,29,25],[0,97,35,17],[0,47,17,71],[0,97,73,68],[0,18,31,5],[0,15,73,16],[0,12,100,75],[0,11,45,61],[0,93,36,40],[0,56,47,89],[0,3,95,66],[0,67,53,75],[0,3,15,49],[0,20,99,36],[0,24,62,55],[0,43,73,72],[0,51,80,70],[0,33,21,90],[0,21,22,33],[0,82,88,34],[0,85,39,78],[0,96,74,45],[0,9,98,97]
[0,96,70,93],[0,24,30,28],[0,41,10,42],[0,51,73,17],[0,13,67,58],[0,18,44,68],[0,52,22,56],[0,79,15,79],[0,11,94,38],[0,5,93,16],[0,93,86,77],[0,53,91,1],[0,30,87,96],[0,44,19,37],[0,20,46,56],[0,52,78,37],[0,51,38,51],[0,80,40,100],[0,63,7,5],[0,8,37,97],[0,74,64,39],[0,45,93,30],[0,71,100,79],[0,96,70,1],[0,71,83,22]
[0,7,87,64],[0,83,51,77],[0,33,43,56],[0,25,61,9],[0,65,56,76],[0,56,38,73],[0,61,45,43],[0,54,36,3],[0,4,48,50],[0,37,3,85],[0,95,100,36],[0,91,96,79],[0,12,52,29],[0,56,50,93],[0,52,84,72],[0,5,27,82],[0,92,51,54],[0,81,71,86],[0,20,40,58],[0,3,75,60],[0,24,85,99],[0,13,51,10],[0,5,72,33],[0,10,45,12],[0,10,94,94]
[0,26,85,85],[0,44,47,23],[0,16,5,66],[0,97,37,44],[0,23,42,40],[0,14,75,80],[0,90,62,50],[0,81,46,18],[0,81,85,30],[0,41,7,42],[0,71,70,84],[0,98,100,7],[0,34,65,77],[0,90,25,54],[0,18,16,97],[0,78,90,2],[0,36,83,72],[0,2,73,100],[0,31,94,85],[0,48,52,39],[0,72,44,86],[0,8,82,88],[0,81,17,8],[0,85,51,46],[0,38,73,39]
[0,19,44,46],[0,72,2,64],[0,91,100,21],[0,62,89,49],[0,3,96,36],[0,15,63,44],[0,36,94,75],[0,29,53,16],[0,6,80,52],[0,66,82,44],[0,10,16,79],[0,39,91,56],[0,55,7,64],[0,26,10,4],[0,19,69,75],[0,6,83,74],[0,15,76,68],[0,66,23,57],[0,41,61,58],[0,91,12,94],[0,17,100,82],[0,69,73,25],[0,88,66,54],[0,33,37,86],[0,14,81,45]
[0,94,28,65],[0,24,1,17],[0,76,75,43],[0,13,27,38],[0,57,93,36],[0,12,9,61],[0,63,4,100],[0,66,83,12],[0,36,90,89],[0,18,99,37],[0,6,16,73],[0,26,4,26],[0,10,35,57],[0,91,32,52],[0,73,80,60],[0,93,79,53],[0,21,69,9],[0,84,49,71],[0,51,49,70],[0,86,72,93],[0,97,14,79],[0,23,56,37],[0,74,48,27],[0,39,93,2],[0,29,23,61]
[0,82,79,97],[0,99,54,53],[0,16,90,28],[0,73,64,15],[0,43,14,66],[0,29,30,47],[0,82,14,77],[0,97,73,99],[0,94,60,44],[0,52,44,4],[0,60,66,41],[0,96,92,90],[0,52,55,33],[0,32,73,27],[0,7,76,57],[0,86,32,50],[0,69,55,28],[0,96,3,10],[0,6,96,74],[0,20,34,13],[0,96,54,17],[0,98,3,27],[0,27,85,8],[0,79,50,66],[0,42,89,10]
[0,52,46,61],[0,53,41,24],[0,56,1,36],[0,84,13,41],[0,62,32,23],[0,41,56,52],[0,57,41,39],[0,46,33,21],[0,40,21,26],[0,34,40,30],[0,31,75,86],[0,99,52,32],[0,99,71,33],[0,31,24,82],[0,61,82,87],[0,82,35,93],[0,99,72,40],[0,89,93,97],[0,79,14,64],[0,93,12,43],[0,15,86,59],[0,25,44,81],[0,25,9,75],[0,35,70,40],[0,33,14,85]
[0,56,74,97],[0,85,19,33],[0,76,28,44],[0,65,6,77],[0,5,12,40],[0,32,5,49],[0,38,9,61],[0,68,98,41],[0,5,51,89],[0,89,5,16],[0,45,11,17],[0,61,8,57],[0,90,30,72],[0,47,88,17],[0,33,41,2],[0,56,67,46],[0,84,18,48],[0,61,12,31],[0,3,21,19],[0,1,35,44],[0,15,87,70],[0,62,90,99],[0,97,75,33],[0,92,80,20],[0,78,4,57]
[0,41,76,58],[0,92,1,80],[0,20,5,57],[0,92,94,22],[0,86,41,88],[0,92,16,41],[0,14,9,8],[0,70,91,51],[0,60,30,81],[0,32,76,42],[0,61,16,70],[0,83,3,73],[0,16,1,72],[0,9,35,32],[0,72,59,51],[0,59,20,91],[0,59,14,83],[0,56,10,64],[0,94,67,24],[0,43,45,41],[0,33,63,83],[0,15,77,55],[0,9,66,62],[0,21,39,99],[0,91,27,19]
[0,45,21,70],[0,20,79,71],[0,90,39,56],[0,25,56,59],[0,73,28,11],[0,98,78,97],[0,48,19,47],[0,49,57,68],[0,33,34,32],[0,77,17,25],[0,49,88,17],[0,27,99,8],[0,96,12,24],[0,97,34,82],[0,50,62,9],[0,60,65,7],[0,46,28,19],[0,70,89,3],[0,9,84,20],[0,64,54,59],[0,19,33,28],[0,33,100,42],[0,17,92,73],[0,42,34,91],[0,98,59,62]
[0,88,84,90],[0,13,60,81],[0,28,29,37],[0,100,75,94],[0,30,88,74],[0,32,19,39],[0,44,91,82],[0,55,45,56],[0,88,23,25],[0,20,30,75],[0,49,35,5],[0,50,28,17],[0,52,61,31],[0,23,59,86],[0,76,78,3],[0,19,31,97],[0,93,45,29],[0,16,63,36],[0,86,73,47],[0,81,34,23],[0,27,43,57],[0,34,37,72],[0,88,66,89],[0,21,14,12],[0,86,52,91]
[0,83,93,2],[0,66,13,8],[0,80,61,44],[0,6,85,46],[0,76,75,92],[0,47,40,51],[0,11,49,98],[0,66,16,48],[0,96,71,21],[0,2,60,21],[0,21,25,29],[0,76,71,49],[0,66,34,63],[0,44,87,41],[0,13,83,43],[0,32,85,83],[0,23,52,48],[0,70,83,49],[0,40,9,28],[0,14,32,32],[0,38,17,69],[0,43,82,80],[0,73,49,21],[0,97,9,59],[0,65,59,87]
[0,36,20,2],[0,24,73,14],[0,40,25,22],[0,45,7,24],[0,68,63,66],[0,33,26,13],[0,5,85,90],[0,38,16,28],[0,10,4,96],[0,52,71,71],[0,47,78,67],[0,15,61,45],[0,67,35,32],[0,99,93,30],[0,28,96,64],[0,8,100,23],[0,16,76,94],[0,13,23,87],[0,49,100,74],[0,26,100,31],[0,20,16,45],[0,100,41,13],[0,4,28,5],[0,50,86,35],[0,20,85,74]
[0,22,20,23],[0,30,41,78],[0,59,75,58],[0,51,35,2],[0,69,60,78],[0,87,83,30],[0,99,93,60],[0,24,73,58],[0,62,5,87],[0,65,57,13],[0,64,75,22],[0,21,73,38],[0,49,35,46],[0,60,43,36],[0,18,39,60],[0,40,2,25],[0,66,20,33],[0,74,47,25],[0,90,52,41],[0,40,17,22],[0,94,66,5],[0,44,34,19],[0,52,8,63],[0,12,4,46],[0,13,74,36]
[0,35,4,36],[0,88,80,24],[0,61,30,22],[0,44,23,47],[0,83,39,91],[0,23,71,14],[0,53,94,57],[0,20,72,49],[0,88,22,46],[0,59,41,64],[0,50,55,38],[0,89,42,96],[0,59,67,38],[0,37,50,35],[0,73,9,12],[0,85,93,47],[0,44,70,55],[0,100,21,52],[0,80,92,74],[0,34,97,37],[0,100,12,78],[0,18,61,100],[0,92,35,41],[0,85,43,76],[0,2,24,60]
[0,57,71,47],[0,90,97,85],[0,53,46,65],[0,25,30,79],[0,72,89,91],[0,21,56,68],[0,73,79,36],[0,79,35,31],[0,21,60,18],[0,70,85,42],[0,63,93,71],[0,70,72,61],[0,84,64,27],[0,90,61,86],[0,71,52,72],[0,66,18,79],[0,65,43,41],[0,63,71,22],[0,54,55,26],[0,4,29,65],[0,83,87,14],[0,36,39,21],[0,75,73,11],[0,19,4,30],[0,50,26,81]
[0,12,68,2],[0,42,78,4],[0,19,47,71],[0,52,40,66],[0,67,17,99],[0,14,52,83],[0,59,69,98],[0,9,61,20],[0,91,64,81],[0,83,28,67],[0,34,28,8],[0,63,46,68],[0,6,82,91],[0,47,30,86],[0,68,26,90],[0,92,20,67],[0,33,32,43],[0,46,92,91],[0,84,42,11],[0,40,23,100],[0,95,44,86],[0,92,56,57],[0,25,66,34],[0,76,88,20],[0,8,65,43]
[0,43,40,77],[0,58,61,25],[0,41,71,76],[0,78,72,38],[0,65,12,86],[0,56,19,12],[0,15,97,28],[0,4,72,68],[0,71,83,63],[0,71,51,63],[0,98,11,95],[0,82,58,31],[0,4,91,85],[0,63,54,1],[0,89,78,37],[0,5,99,58],[0,54,64,68],[0,25,100,69],[0,77,77,28],[0,33,94,89],[0,20,81,93],[0,35,24,94],[0,14,48,78],[0,18,11,77],[0,42,23,55]
[0,11,74,86],[0,39,37,61],[0,81,34,93],[0,48,8,94],[0,58,40,9],[0,1,98,5],[0,73,46,6],[0,57,36,9],[0,71,45,19],[0,18,53,91],[0,43,50,93],[0,57,16,3],[0,93,15,82],[0,67,25,12],[0,65,84,24],[0,95,90,15],[0,25,13,70],[0,88,66,94],[0,40,89,60],[0,90,29,81],[0,55,66,89],[0,8,43,10],[0,100,80,52],[0,72,87,32],[0,65,90,77]
[0,53,38,66],[0,41,60,79],[0,1,47,72],[0,38,16,37],[0,16,66,55],[0,18,59,62],[0,29,96,42],[0,44,84,70],[0,54,7,94],[0,84,38,85],[0,100,24,5],[0,15,76,46],[0,13,60,47],[0,18,33,74],[0,84,39,96],[0,56,2,72],[0,31,55,5],[0,17,77,41],[0,65,80,47],[0,17,23,15],[0,68,72,3],[0,41,68,99],[0,17,19,32],[0,45,33,86],[0,37,87,91]
[0,45,55,73],[0,86,29,46],[0,91,60,89],[0,12,7,17],[0,20,33,85],[0,93,91,23],[0,44,91,18],[0,17,99,60],[0,76,69,25],[0,18,47,13],[0,3,78,68],[0,72,83,25],[0,90,75,87],[0,67,67,41],[0,23,91,83],[0,27,60,28],[0,49,75,4],[0,21,68,32],[0,70,49,8],[0,78,30,44],[0,16,20,43],[0,80,98,7],[0,73,55,67],[0,60,17,62],[0,97,86,100]
[0,3,34,36],[0,59,4,25],[0,47,42,77],[0,76,67,75],[0,33,94,46],[0,58,99,73],[0,58,84,7],[0,89,10,72],[0,57,87,58],[0,30,6,86],[0,58,50,37],[0,10,42,99],[0,7,41,42],[0,57,54,32],[0,30,38,29],[0,58,9,31],[0,36,5,69],[0,7,66,97],[0,85,36,96],[0,17,69,98],[0,5,5,24],[0,91,2,42],[0,38,88,94],[0,43,27,27],[0,57,51,80]
[0,2,39,58],[0,76,23,96],[0,57,45,77],[0,8,87,11],[0,7,15,51],[0,91,41,3],[0,85,69,70],[0,6,77,87],[0,48,33,81],[0,47,17,45],[0,50,90,40],[0,85,51,99],[0,76,51,11],[0,46,38,50],[0,98,43,71],[0,15,30,74],[0,48,23,20],[0,66,70,27],[0,83,98,48],[0,18,75,53],[0,49,72,79],[0,100,15,73],[0,57,67,6],[0,85,58,57],[0,20,54,14]
[0,28,84,88],[0,65,82,70],[0,45,61,70],[0,73,51,38],[0,82,86,14],[0,51,38,56],[0,56,95,2],[0,25,17,50],[0,35,22,68],[0,76,44,72],[0,77,52,43],[0,27,10,32],[0,43,75,55],[0,85,78,38],[0,8,61,73],[0,20,91,80],[0,45,52,21],[0,48,31,35],[0,53,76,58],[0,80,17,12],[0,42,64,17],[0,81,83,9],[0,93,56,26],[0,11,88,7],[0,90,75,5]
[0,35,74,88],[0,53,81,37],[0,5,69,68],[0,71,44,83],[0,16,12,25],[0,42,39,81],[0,36,91,29],[0,11,23,32],[0,14,68,94],[0,60,82,37],[0,83,69,73],[0,66,58,5],[0,36,11,23],[0,78,36,70],[0,50,84,79],[0,9,75,48],[0,52,47,14],[0,73,27,4],[0,71,20,81],[0,83,99,41],[0,94,68,4],[0,79,26,35],[0,91,28,16],[0,61,29,26],[0,13,60,30]
[0,40,21,65],[0,90,94,83],[0,66,20,3],[0,61,48,70],[0,69,9,16],[0,38,5,61],[0,60,57,84],[0,81,20,16],[0,90,49,98],[0,4,20,20],[0,72,26,37],[0,25,9,69],[0,29,61,77],[0,78,50,84],[0,52,68,98],[0,86,9,56],[0,89,98,63],[0,5,61,30],[0,78,2,43],[0,16,62,6],[0,98,37,5],[0,10,22,99],[0,93,47,60],[0,63,6,13],[0,1,90,63]
[0,13,1,68],[0,38,46,30],[0,32,81,8],[0,12,21,24],[0,98,74,47],[0,49,74,39],[0,9,36,53],[0,6,99,44],[0,26,66,64],[0,40,46,46],[0,84,69,29],[0,59,32,70],[0,7,42,13],[0,28,41,91],[0,4,91,81],[0,53,53,33],[0,88,67,51],[0,20,34,15],[0,37,46,88],[0,65,96,73],[0,50,7,83],[0,76,54,73],[0,44,8,45],[0,45,1,85],[0,32,7,85]
[0,43,13,21],[0,23,50,3],[0,14,50,17],[0,65,90,35],[0,38,18,53],[0,82,12,50],[0,85,6,75],[0,54,22,98],[0,71,35,76],[0,7,68,60],[0,41,55,14],[0,29,70,77],[0,98,22,59],[0,88,32,45],[0,63,15,19],[0,30,5,65],[0,14,59,45],[0,98,13,80],[0,56,11,87],[0,55,57,53],[0,74,38,14],[0,78,71,65],[0,59,76,96],[0,39,69,66],[0,96,13,57]
[0,35,34,84],[0,50,3,15],[0,23,97,46],[0,45,24,21],[0,89,13,38],[0,1,50,7],[0,71,86,44],[0,34,92,74],[0,67,54,83],[0,30,66,49],[0,73,25,26],[0,8,36,49],[0,93,20,32],[0,56,43,59],[0,26,96,78],[0,29,15,60],[0,22,15,69],[0,31,16,25],[0,92,86,37],[0,46,35,18],[0,10,13,94],[0,94,19,80],[0,43,17,34],[0,48,49,26],[0,53,53,59]
[0,11,59,12],[0,68,14,13],[0,50,29,61],[0,28,4,74],[0,8,38,8],[0,63,83,33],[0,75,85,49],[0,34,56,16],[0,70,52,43],[0,92,43,95],[0,23,52,84],[0,26,81,93],[0,39,99,37],[0,27,28,28],[0,68,96,59],[0,78,20,29],[0,36,25,53],[0,41,90,60],[0,61,1,96],[0,61,9,98],[0,89,65,43],[0,34,77,67],[0,72,26,17],[0,46,64,96],[0,41,10,59]
[0,63,32,37],[0,87,87,40],[0,22,10,7],[0,4,86,79],[0,8,71,90],[0,16,99,4],[0,87,71,100],[0,88,22,50],[0,63,47,7],[0,49,37,74],[0,62,34,71],[0,44,34,96],[0,52,72,29],[0,91,100,18],[0,18,46,32],[0,47,14,32],[0,93,81,81],[0,52,99,81],[0,37,4,60],[0,44,36,90],[0,48,87,57],[0,100,44,43],[0,87,50,11],[0,38,82,48],[0,79,78,37]
[0,32,15,78],[0,60,4,35],[0,90,62,4],[0,60,30,9],[0,37,28,47],[0,42,79,80],[0,90,52,25],[0,16,4,4],[0,88,30,19],[0,16,78,33],[0,11,4,95],[0,61,53,7],[0,82,49,73],[0,81,96,21],[0,8,5,64],[0,14,83,26],[0,57,40,36],[0,35,74,18],[0,29,1,86],[0,22,6,51],[0,63,72,92],[0,6,77,100],[0,67,82,43],[0,46,11,28],[0,42,76,74]
[0,41,82,96],[0,46,11,93],[0,50,26,66],[0,66,91,41],[0,79,10,69],[0,45,38,79],[0,78,84,73],[0,77,21,40],[0,7,68,20],[0,94,60,88],[0,59,26,7],[0,87,10,43],[0,68,14,80],[0,88,52,21],[0,76,24,5],[0,15,89,61],[0,70,36,4],[0,58,33,35],[0,32,4,3],[0,84,90,31],[0,95,13,16],[0,58,79,72],[0,77,75,42],[0,6,76,32],[0,32,33,47]
